>gi|384137007|ref|NC_017168.1,-112,4,61,102,-27,-48,19,-49,42,-100,-87,3,18,-101,-37,93,-119,70,29,-120,-85,31,114,75,105,-95,-5,-38,15,54,47,-11,12,-88,-74,64,-111,89,-91,1,110,52,33,62,-69,113,117,17,-81,82,-7,-45,90,43,-108,92,-56,-94,-26,20,83,8,50,86,-118,-40,-72,121,-123,109,-59,28,24,51,32,-97,103,-30,107,-115,57,-80,-41,36,-53,-99,104,10,63,-9,23,-73,79,55,116,35,66,14,-58,-98,68,-22,-2,-44,-6,-34,76,-13,-106,96,21,-78,46,-77,-84,25,-60,-71,65,-39,67,-122,16,
>gi|162418099|ref|NC_010159.1,-47,-54,-15,38,5,1,-4,112,42,-97,-103,51,-123,109,-59,-69,110,-75,-31,85,29,18,-101,-37,93,-119,70,-90,45,7,-100,-87,-17,-117,8,40,120,77,-78,46,-84,25,-60,-71,-106,96,55,116,-22,80,-57,115,-30,107,-24,33,21,-79,73,10,-53,99,104,63,36,-9,23,41,35,65,-86,62,58,14,-118,83,3,-76,34,6,-20,26,2,-121,72,50,-94,-44,13,-122,16,49,-19,-92,108,61,-48,56,-39,67,-43,-98,68,-66,-32,-28,-52,105,-64,74,-95,102,-27,91,-113,114,-81,82,-111,89,88,-12,11,
>gi|108777911|gb|CP000308.1,-47,113,81,-91,1,110,52,5,95,-112,4,61,102,-27,-48,19,-49,-16,122,-67,39,-65,-78,-71,-106,96,21,13,-76,34,6,44,2,22,-77,-84,25,-60,46,-116,-55,-79,73,-23,9,-63,-10,-104,99,53,-36,41,35,66,14,-58,-98,68,80,-57,115,51,118,-86,-50,-72,121,-123,109,-59,28,-32,-97,103,-30,107,-24,-40,-8,-83,-20,26,94,56,-92,108,-43,-45,90,7,-82,-74,64,42,-100,-87,75,105,-33,-38,15,54,3,18,69,-62,117,17,-89,111,-119,70,29,-120,-85,31,114,-93,37,101,88,-12,11,
>gi|384412706|ref|NC_017265.1,-47,113,-105,-75,-15,38,5,95,-91,1,110,52,33,62,-69,81,29,-120,-85,31,114,-112,4,61,102,-27,-48,19,-49,-16,122,-67,39,-65,-78,46,-121,72,50,86,-118,-51,-115,57,-80,-68,98,58,-14,-66,-10,-104,99,53,-36,41,35,63,-9,23,-73,79,55,116,-22,-2,-44,-6,-34,76,-13,-21,-96,106,71,60,-25,84,77,-123,109,-59,28,32,-97,103,-30,107,-24,-40,-8,-83,-20,26,94,56,-92,108,-43,-90,45,7,-82,42,-100,101,-18,-3,87,-37,93,-119,70,54,-17,-117,-89,111,-64,74,88,-12,11,
>gi|45439865|ref|NC_005810.1,-47,-54,-15,38,5,95,-105,-75,-7,-45,90,-114,-31,85,120,-29,-81,82,43,-108,92,-56,-94,-26,20,83,8,40,-25,84,77,-46,78,-97,103,-30,107,-24,-21,-96,106,71,60,13,-76,34,6,44,2,22,-116,-73,79,55,-35,-14,-66,-23,9,-63,-10,-104,99,53,-36,41,-58,-98,68,80,-57,115,51,-32,-28,59,-86,-50,-72,121,-123,109,-118,65,-39,67,-122,19,-49,-16,87,100,-42,-113,69,-62,-91,1,110,52,33,-89,111,-112,4,61,102,48,27,3,18,-101,-37,93,-119,70,-17,-117,-64,74,88,-12,11,
>gi|30407161|emb|AL590842.1,-47,-54,-15,38,5,95,-105,-75,-114,-31,85,120,-29,-70,119,-93,37,101,-18,-3,87,100,-42,49,-19,48,27,-102,-61,-4,112,-16,122,-67,39,-65,-78,46,-77,-84,25,-60,-71,-106,96,21,13,-76,34,6,44,2,22,-68,98,58,-14,-66,-35,-116,-55,-79,73,-23,9,-63,-10,-104,99,53,-36,41,80,-57,115,-107,30,-103,97,-32,-51,-24,-40,-72,121,-123,109,-59,28,118,-86,-50,-8,-83,-20,26,94,56,-92,108,-43,-90,45,7,-82,81,-17,117,-113,69,-62,-33,-52,-110,-1,91,-89,111,-64,74,88,-12,11,
>gi|384120592|ref|NC_017154.1,-47,-54,-15,38,5,95,-105,-75,-114,-31,85,120,-29,-70,119,-93,37,101,-18,-3,87,100,-42,-112,4,61,102,-27,-48,19,-49,-16,122,-67,39,-65,-78,46,-77,-84,25,-60,-71,-106,96,21,13,-76,34,6,44,2,22,-41,-35,-116,-55,-79,73,-23,9,-63,-10,-104,99,53,-36,66,14,-58,-98,68,80,-40,-72,121,-123,109,-59,28,32,-97,103,-30,107,-115,57,24,51,118,-86,-50,-8,-83,-20,26,94,56,-92,108,-43,-90,45,7,-82,117,17,-81,-113,69,-62,-33,-52,-110,-1,91,-89,111,-64,74,88,-12,11,
>gi|384124469|ref|NC_017160.1,-47,-54,-15,38,5,95,-105,-75,-114,-31,85,120,-29,-70,119,-93,37,101,-18,-3,87,100,-42,-112,4,61,102,-27,-48,19,-49,-21,-96,106,71,60,-25,84,77,-46,78,-16,122,-67,39,-65,13,-76,34,-104,99,53,-36,41,-22,-2,-44,-6,10,63,-9,23,-73,79,55,116,35,66,14,-58,-98,68,-115,57,-80,-107,30,-103,97,-32,-28,59,-109,123,-121,72,40,24,51,118,-86,-50,-8,-83,-20,26,94,56,-92,108,-43,-90,45,7,-82,81,-17,-117,-113,69,-62,-33,-52,-110,-1,91,-89,111,-64,74,88,-12,11,
>gi|22123922|ref|NC_004088.1,-47,113,-38,15,-17,-117,5,95,-91,1,110,52,33,62,-69,-114,-31,85,120,-29,-81,82,-7,-45,90,43,-108,92,-56,-94,-26,20,83,8,40,24,-107,30,-103,97,-32,-28,59,-109,123,-121,72,50,86,-118,-51,-115,57,-80,-68,98,58,-14,-66,-35,-41,36,-53,-10,-104,99,63,-9,23,-73,79,55,116,-22,-2,-44,-6,-34,76,-13,-21,-96,106,71,60,-25,84,77,-46,78,65,-39,67,-122,16,49,-19,48,27,-102,-61,-4,112,42,-100,-87,3,18,-101,-37,93,-119,70,54,-111,89,-105,-75,-64,74,88,-12,11,
>gi|108773814|gb|CP000305.1,-47,113,-91,1,110,52,33,62,-69,-54,-70,119,-93,37,101,-18,-3,87,100,-42,82,-7,-45,90,43,-108,92,-56,-94,-26,20,83,8,40,24,-107,30,-103,97,-32,-28,59,-109,123,-121,72,50,86,-118,-23,9,-63,-10,-104,99,53,-36,41,35,66,14,-58,-98,68,80,-57,115,51,-73,79,55,116,-22,-2,-44,-6,-34,76,-13,-21,-96,106,71,60,-25,84,77,-46,78,65,-39,67,-122,16,49,-19,48,27,-102,-61,-4,112,81,29,-120,-85,31,114,-17,-117,-89,111,-64,74,-95,-5,-38,15,75,105,88,-12,11,
>gi|145597324|ref|NC_009381.1,-88,-74,64,-105,-75,113,117,17,87,100,-42,-112,4,61,102,-27,-48,19,-41,36,-53,-99,104,10,63,-9,23,-73,79,55,116,-22,-2,-44,-6,-34,76,-13,32,65,-39,67,-122,16,49,35,66,14,-58,-98,68,80,-57,115,51,118,-86,-50,-72,121,-123,109,-59,28,-21,-96,106,71,60,-25,84,77,-46,78,-97,103,-30,107,-24,-40,-8,-83,-20,26,94,56,-92,108,-43,-7,-45,90,3,18,-101,-37,93,-119,70,-82,-89,111,-33,-52,-110,-1,91,81,29,-120,-85,31,114,69,-62,-95,-5,-38,15,54,47,-11,12,
>gi|294352569|gb|CP001593.1,-47,-54,-15,38,5,95,-105,-75,-114,-31,85,120,-29,-70,119,-93,37,101,-18,-3,87,100,-42,-112,4,61,102,-27,-48,19,-49,-16,122,-67,39,-65,-78,46,-77,-84,25,-60,-71,-106,96,21,13,-76,34,6,44,2,22,-41,36,-53,-99,104,10,63,-9,23,-73,79,55,116,35,66,14,-58,-98,68,80,-111,89,-57,115,-107,30,-103,97,-32,-28,59,-109,123,-121,72,40,24,51,118,-86,-50,-8,-83,-20,26,94,56,-92,108,-43,-90,45,7,-82,117,17,-81,-113,69,-62,-33,-52,-110,-1,91,-64,74,88,-12,11,
>gi|153946813|ref|NC_009708.1,-47,-54,-15,38,5,95,-91,1,110,52,33,113,117,17,87,100,-42,-112,4,61,102,-27,-48,19,-49,-16,122,-67,39,-65,-32,-28,59,-109,123,-121,72,50,86,-118,-51,-115,57,-80,-68,98,58,-14,-66,-35,-41,36,-53,-99,104,10,63,-9,23,-73,79,55,116,-22,-2,-44,-6,-34,76,-13,-21,-96,106,71,60,-25,84,77,-46,78,-97,103,-30,107,-24,-40,-8,-83,-20,26,94,56,-92,108,-43,-90,45,7,3,18,-101,-37,93,-119,70,-82,81,29,-120,-85,31,114,69,-62,75,105,-89,111,-64,74,88,-12,11,
