Seq_id	Size	Description
1	4553770	gi|384137007|ref|NC_017168.1|
2	4504254	gi|162418099|ref|NC_010159.1|
3	4702289	gi|108777911|gb|CP000308.1|
4	4532063	gi|384412706|ref|NC_017265.1|
5	4595065	gi|45439865|ref|NC_005810.1|
6	4653728	gi|30407161|emb|AL590842.1|
7	4640720	gi|384120592|ref|NC_017154.1|
8	4626944	gi|384124469|ref|NC_017160.1|
9	4600755	gi|22123922|ref|NC_004088.1|
10	4534590	gi|108773814|gb|CP000305.1|
11	4517345	gi|145597324|ref|NC_009381.1|
12	4553586	gi|294352569|gb|CP001593.1|
13	4723306	gi|153946813|ref|NC_009708.1|
--------------------------------------------------------------------------------
Block #1
Seq_id	Strand	Start	End	Length
1	+	2107819	2112996	5178
1	+	1370084	1375201	5118
1	+	1581420	1586489	5070
1	+	1538556	1543733	5178
1	-	4441539	4436422	5118
1	-	1093740	1088731	5010
2	+	1992092	1997209	5118
2	+	631519	636696	5178
2	+	488129	493306	5178
2	+	128314	133452	5139
2	-	3621174	3616057	5118
2	-	3689551	3684434	5118
3	-	3834183	3828997	5187
3	+	14253	19370	5118
3	-	4037524	4032383	5142
3	+	136253	141370	5118
3	-	3947580	3942570	5011
3	+	634241	639357	5117
3	-	3085602	3080425	5178
4	+	455852	461029	5178
4	+	498716	503854	5139
4	+	1118834	1123951	5118
4	+	12291	17408	5118
4	-	4110616	4105607	5010
4	+	289457	294574	5118
4	-	3444545	3439368	5178
5	-	3441096	3435919	5178
5	+	704161	709338	5178
5	-	3670718	3665541	5178
5	-	3085593	3080476	5118
5	+	12057	17135	5079
5	+	245028	250166	5139
5	-	3506285	3501168	5118
6	-	4389733	4384616	5118
6	-	4223296	4218119	5178
6	-	3654148	3648971	5178
6	-	4180432	4175255	5178
6	+	12292	17300	5009
6	+	1217505	1222622	5118
7	+	12291	17299	5009
7	-	4210091	4204974	5118
7	+	1208794	1213911	5118
7	-	3646879	3641762	5118
7	-	4167283	4162106	5178
7	-	4376560	4371443	5118
8	-	3630833	3625655	5179
8	-	4153312	4148196	5117
8	-	4196177	4191000	5178
8	+	1597646	1602763	5118
8	+	12292	17360	5069
8	-	4362695	4357518	5178
9	+	355956	361073	5118
9	+	565283	570361	5079
9	+	1024415	1029592	5178
9	+	12042	17159	5118
9	+	522419	527596	5178
9	-	4246531	4241522	5010
9	-	3417303	3412186	5118
10	-	3286370	3281253	5118
10	+	953392	958569	5178
10	+	250402	255579	5178
10	+	293267	298275	5009
10	-	3906472	3901394	5079
10	+	84018	89135	5118
10	+	12291	17408	5118
11	-	4284954	4279876	5079
11	-	1839065	1833948	5118
11	-	4044484	4039367	5118
11	-	3881966	3876789	5178
11	-	3305889	3300772	5118
11	+	172828	178005	5178
11	-	4471104	4466095	5010
12	-	4436123	4431006	5118
12	+	12291	17299	5009
12	+	1266664	1271781	5118
12	-	4270090	4264913	5178
12	-	4227224	4222047	5178
12	-	3704575	3699458	5118
13	+	1247837	1252954	5118
13	-	4328825	4323709	5117
13	-	3617845	3612812	5034
13	-	4370457	4365280	5178
13	+	12027	17105	5079
13	+	322819	327996	5178
13	+	159804	164921	5118
--------------------------------------------------------------------------------
Block #2
Seq_id	Strand	Start	End	Length
1	+	2633962	2643852	9891
2	-	1965378	1955489	9890
3	-	2834734	2824844	9891
4	-	3196662	3186770	9893
5	-	1241697	1231808	9890
6	-	3128462	3118572	9891
7	+	3195761	3205651	9891
8	+	3177706	3187596	9891
9	+	1272696	1282586	9891
10	+	1202580	1212470	9891
11	-	3051407	3041515	9893
12	+	3252744	3262635	9892
13	-	3368304	3359062	9243
--------------------------------------------------------------------------------
Block #3
Seq_id	Strand	Start	End	Length
1	-	134153	102136	32018
2	-	4090473	4058497	31977
3	-	447731	415714	32018
4	-	936215	904200	32016
5	+	4076062	4108095	32034
6	+	971121	1003137	32017
7	-	1024921	992904	32018
8	-	1026896	994880	32017
9	+	3601153	3633145	31993
10	+	3468976	3500992	32017
11	-	710127	678373	31755
12	-	1082777	1050760	32018
13	-	1068455	1036517	31939
--------------------------------------------------------------------------------
Block #4
Seq_id	Strand	Start	End	Length
1	-	2090068	2004023	86046
2	+	904324	990844	86521
3	-	3178390	3096638	81753
4	+	3462295	3545866	83572
5	-	417471	335916	81556
6	+	3671899	3755282	83384
7	+	3662672	3746102	83431
8	+	3648584	3732139	83556
9	-	1006664	923268	83397
10	-	937600	852255	85346
11	-	3481298	3399479	81820
12	+	3722326	3805898	83573
13	+	3632937	3715683	82747
--------------------------------------------------------------------------------
Block #5
Seq_id	Strand	Start	End	Length
1	-	1087389	1066763	20627
2	+	18693	39329	20637
3	-	3941228	3919892	21337
4	-	4104265	4082921	21345
5	+	18427	39064	20638
6	+	18643	39269	20627
7	+	18642	39267	20626
8	+	18702	39327	20626
9	-	4240180	4219543	20638
10	+	299618	320255	20638
11	-	4464753	4444827	19927
12	+	18642	39268	20627
13	+	18378	38303	19926
--------------------------------------------------------------------------------
Block #6
Seq_id	Strand	Start	End	Length
1	+	2910965	2934191	23227
2	-	1863559	1840324	23236
3	-	2278521	2255295	23227
4	+	1541781	1565006	23226
5	-	2615550	2592340	23211
6	-	2851471	2828245	23227
7	+	3158500	3181727	23228
8	+	2758109	2781337	23229
9	+	1820698	1843925	23228
10	-	2413255	2390029	23227
11	-	2201700	2178478	23223
12	-	2908098	2884901	23198
13	+	1712170	1733537	21368
--------------------------------------------------------------------------------
Block #7
Seq_id	Strand	Start	End	Length
1	-	913098	884908	28191
2	-	3925203	3897373	27831
3	-	3636132	3607963	28170
4	+	119706	147895	28190
5	+	190736	218907	28172
6	+	192005	220195	28191
7	+	189006	217196	28191
8	+	191044	219235	28192
9	+	4413109	4441299	28191
10	-	4428248	4400058	28191
11	+	118511	146706	28196
12	+	189014	217204	28191
13	-	4424560	4397068	27493
--------------------------------------------------------------------------------
Block #8
Seq_id	Strand	Start	End	Length
1	+	1668610	1722598	53989
2	-	1289405	1235752	53654
3	+	4079495	4133480	53986
4	-	4249796	4195808	53989
5	-	4460349	4406609	53741
6	+	4044442	4098430	53989
7	+	3936498	3990486	53989
8	-	4065917	4011929	53989
9	-	258849	204861	53989
10	-	4045669	3991681	53989
11	+	260287	314244	53958
12	+	3996384	4050372	53989
13	+	415667	469981	54315
--------------------------------------------------------------------------------
Block #9
Seq_id	Strand	Start	End	Length
1	-	2484901	2477441	7461
2	-	3019328	3011889	7440
3	+	2382461	2389921	7461
4	-	1438675	1431215	7461
5	-	3068857	3061397	7461
6	+	3277041	3284501	7461
7	+	3274446	3281906	7461
8	+	3256371	3263831	7461
9	-	1717668	1710208	7461
10	-	1647590	1640130	7461
11	+	2302951	2310411	7461
12	+	3331410	3338870	7461
13	-	1608647	1601179	7469
--------------------------------------------------------------------------------
Block #10
Seq_id	Strand	Start	End	Length
1	+	793268	831355	38088
2	-	682935	644154	38782
3	+	4481011	4519098	38088
4	+	684404	722491	38088
5	-	493538	453481	40058
6	-	312546	273747	38800
7	-	308884	270795	38090
8	-	310920	272832	38089
9	-	638666	600578	38089
10	+	3833079	3871166	38088
11	+	4211539	4249636	38098
12	-	308890	270802	38089
13	+	4258320	4296314	37995
--------------------------------------------------------------------------------
Block #11
Seq_id	Strand	Start	End	Length
1	+	1566202	1581419	15218
2	+	472911	488128	15218
3	-	4052742	4037525	15218
4	+	483498	498715	15218
5	-	3456333	3441097	15237
6	-	4195650	4180433	15218
7	-	4182503	4167284	15220
8	-	4168531	4153313	15219
9	+	550065	565282	15218
10	+	278049	293266	15218
11	-	4300178	4284955	15224
12	-	4242444	4227225	15220
13	-	4344066	4328826	15241
--------------------------------------------------------------------------------
Block #12
Seq_id	Strand	Start	End	Length
1	-	97524	91762	5763
2	-	4053885	4048117	5769
3	-	409129	403380	5750
4	-	899588	893826	5763
5	-	4010879	4005117	5763
6	+	1007750	1013512	5763
7	-	988292	982531	5762
8	-	990268	984506	5763
9	+	3637758	3643520	5763
10	+	3505605	3511367	5763
11	-	672771	667009	5763
12	-	1046148	1040386	5763
13	-	1031620	1025710	5911
--------------------------------------------------------------------------------
Block #13
Seq_id	Strand	Start	End	Length
1	+	3852074	3879976	27903
2	+	1731999	1759867	27869
3	-	1018928	991025	27904
4	+	2462980	2490883	27904
5	-	1632468	1604563	27906
6	-	1806997	1779095	27903
7	-	1821647	1793745	27903
8	+	1959796	1987699	27904
9	+	2842632	2870488	27857
10	+	2677935	2705837	27903
11	+	1559149	1587051	27903
12	-	1879555	1851653	27903
13	+	2694921	2722841	27921
--------------------------------------------------------------------------------
Block #14
Seq_id	Strand	Start	End	Length
1	-	2992676	2936258	56419
2	+	1783870	1840216	56347
3	+	2201464	2253228	51765
4	-	1623411	1567079	56333
5	+	2539427	2592232	52806
6	+	2769757	2826178	56422
7	+	2769229	2825651	56423
8	-	2839775	2783404	56372
9	-	1902359	1845992	56368
10	+	2331613	2387962	56350
11	+	2121950	2178370	56421
12	+	2722113	2778501	56389
13	-	1786749	1733674	53076
--------------------------------------------------------------------------------
Block #15
Seq_id	Strand	Start	End	Length
1	+	2149784	2200426	50643
2	-	3531092	3482674	48419
3	-	3043860	2993219	50642
4	-	3404554	3352460	52095
5	+	746135	794677	48543
6	-	3612182	3561541	50642
7	-	3604970	3556288	48683
8	-	3588867	3540185	48683
9	+	1066383	1114941	48559
10	+	993684	1042081	48398
11	-	3256153	3207761	48393
12	-	3662669	3613987	48683
13	-	3571050	3522498	48553
--------------------------------------------------------------------------------
Block #16
Seq_id	Strand	Start	End	Length
1	+	1001253	1064782	63530
2	-	107164	40984	66181
3	+	3854381	3917911	63531
4	-	238937	175406	63532
5	-	106519	41046	65474
6	-	103840	41250	62591
7	-	104779	41248	63532
8	-	104840	41308	63533
9	+	56600	120130	63531
10	+	4309017	4372547	63531
11	+	4379304	4442846	63543
12	-	104779	41249	63531
13	-	111014	38325	72690
--------------------------------------------------------------------------------
Block #17
Seq_id	Strand	Start	End	Length
1	-	2874657	2816244	58414
2	-	1954810	1896255	58556
3	-	2822842	2762587	60256
4	-	3185670	3126811	58860
5	-	1231129	1172593	58537
6	+	2887778	2946192	58415
7	-	3122162	3063640	58523
8	+	2869089	2927437	58349
9	+	1283686	1342324	58639
10	+	1213570	1272235	58666
11	-	3040836	2982122	58715
12	+	2944714	3002774	58061
13	-	3358378	3286360	72019
--------------------------------------------------------------------------------
Block #18
Seq_id	Strand	Start	End	Length
1	-	3752348	3735672	16677
2	+	3733396	3750074	16679
3	-	2075684	2058843	16842
4	+	1743174	1759856	16683
5	+	2004343	2021025	16683
6	+	1906738	1923414	16677
7	-	2648558	2631876	16683
8	-	2630404	2613722	16683
9	+	2022055	2038737	16683
10	-	2212031	2195348	16684
11	-	2003201	1986520	16682
12	-	2601415	2584733	16683
13	+	1906488	1923162	16675
--------------------------------------------------------------------------------
Block #19
Seq_id	Strand	Start	End	Length
1	+	4265824	4299842	34019
2	-	1396050	1362119	33932
3	+	1044485	1080523	36039
4	-	2924324	2890294	34031
5	-	1018881	984875	34007
6	+	1343781	1377799	34019
7	+	1357245	1391257	34013
8	-	1416757	1382554	34204
9	-	3304118	3269943	34176
10	-	3140119	3105931	34189
11	-	2849942	2814327	35616
12	+	1415098	1449158	34061
13	-	3152297	3118277	34021
--------------------------------------------------------------------------------
Block #20
Seq_id	Strand	Start	End	Length
1	+	3608914	3621243	12330
2	-	2093232	2081396	11837
3	-	1333239	1320910	12330
4	+	2384909	2397238	12330
5	+	1737201	1749244	12044
6	-	2052131	2039802	12330
7	-	2051498	2039169	12330
8	+	2486973	2499256	12284
9	+	2764585	2776914	12330
10	+	2599855	2612184	12330
11	+	1484010	1495813	11804
12	+	2457966	2470295	12330
13	+	2620641	2632361	11721
--------------------------------------------------------------------------------
Block #21
Seq_id	Strand	Start	End	Length
1	+	3666527	3679386	12860
2	+	1714925	1727688	12764
3	-	1273674	1260836	12839
4	+	2442529	2455387	12859
5	-	1649397	1636505	12893
6	-	1992559	1979700	12860
7	-	1993886	1981319	12568
8	+	2544587	2557447	12861
9	+	2822198	2835039	12842
10	+	2657483	2670342	12860
11	+	1541213	1553834	12622
12	+	2515579	2528438	12860
13	+	2677723	2690600	12878
--------------------------------------------------------------------------------
Block #22
Seq_id	Strand	Start	End	Length
1	-	2357419	2334359	23061
2	-	3335282	3312238	23045
3	+	2511629	2534689	23061
4	-	1309168	1286108	23061
5	+	2960700	2983753	23054
6	+	3404647	3427707	23061
7	+	3402013	3425075	23063
8	+	3384006	3407066	23061
9	-	1590006	1566946	23061
10	-	1519928	1496868	23061
11	+	2430265	2453326	23062
12	+	3459051	3482111	23061
13	-	1481867	1459522	22346
--------------------------------------------------------------------------------
Block #23
Seq_id	Strand	Start	End	Length
1	+	4038568	4088660	50093
2	+	1619431	1670889	51459
3	+	714532	764581	50050
4	-	2765335	2715267	50069
5	-	1371321	1321259	50063
6	+	1504695	1554787	50093
7	+	1516228	1566284	50057
8	-	1257581	1207512	50070
9	-	3144995	3094911	50085
10	-	2981012	2930913	50100
11	-	2689326	2639283	50044
12	+	1574123	1624207	50085
13	-	2993747	2944365	49383
--------------------------------------------------------------------------------
Block #24
Seq_id	Strand	Start	End	Length
1	-	3971886	3965172	6715
2	+	3163182	3169896	6715
3	+	901049	907763	6715
4	-	2580848	2574134	6715
5	+	1516089	1522803	6715
6	+	1687185	1693899	6715
7	+	1703783	1710497	6715
8	+	1684397	1691111	6715
9	-	2960450	2953735	6716
10	-	2796511	2789797	6715
11	-	1677780	1671066	6715
12	+	1761690	1768404	6715
13	-	2810896	2804301	6596
--------------------------------------------------------------------------------
Block #25
Seq_id	Strand	Start	End	Length
1	+	780390	787413	7024
2	-	1360485	1353462	7024
3	+	4468077	4475156	7080
4	+	671526	678556	7031
5	-	506430	499393	7038
6	-	325424	318401	7024
7	-	321813	314739	7075
8	-	323819	316775	7045
9	-	651573	644515	7059
10	+	3820173	3827224	7052
11	+	4198641	4205685	7045
12	-	321810	314745	7066
13	+	4245363	4252416	7054
--------------------------------------------------------------------------------
Block #26
Seq_id	Strand	Start	End	Length
1	-	2909417	2878998	30420
2	+	1865107	1895507	30401
3	+	2280069	2310474	30406
4	-	1540233	1509791	30443
5	+	2617098	2647529	30432
6	+	2853019	2883438	30420
7	-	3156952	3126503	30450
8	-	2756561	2726135	30427
9	-	1819150	1788724	30427
10	+	2414803	2445252	30450
11	+	2203248	2233650	30403
12	+	2909646	2940080	30435
13	-	1710594	1679700	30895
--------------------------------------------------------------------------------
Block #27
Seq_id	Strand	Start	End	Length
1	-	2816219	2806392	9828
2	+	346695	355998	9304
3	-	2762586	2752753	9834
4	-	3126810	3116977	9834
5	-	1172592	1163046	9547
6	+	2946193	2956044	9852
7	-	3063639	3053806	9834
8	+	2927438	2937605	10168
9	+	1342325	1352333	10009
10	+	1272236	1282257	10022
11	-	2982121	2972575	9547
12	+	3002775	3012627	9853
13	-	3286332	3277394	8939
--------------------------------------------------------------------------------
Block #28
Seq_id	Strand	Start	End	Length
1	-	3728259	3690139	38121
2	-	2803135	2764527	38609
3	-	2051440	2013348	38093
4	-	2089742	2051640	38103
5	+	1899393	1937461	38069
6	+	1930827	1968947	38121
7	+	1932152	1970272	38121
8	-	2606303	2568197	38107
9	+	2046168	2084252	38085
10	-	2187921	2149783	38139
11	-	1979107	1940915	38193
12	-	2577294	2539191	38104
13	+	1928589	1967328	38740
--------------------------------------------------------------------------------
Block #29
Seq_id	Strand	Start	End	Length
1	+	3446006	3520523	74518
2	+	2558918	2628734	69817
3	-	1600255	1526292	73964
4	+	2225233	2296504	71272
5	-	2098363	2028841	69523
6	-	2315949	2241293	74657
7	-	2312874	2240855	72020
8	+	2225057	2297065	72009
9	+	2503553	2575550	71998
10	-	1724569	1652590	71980
11	+	1218100	1292176	74077
12	+	2297558	2369546	71989
13	+	2358283	2425860	67578
--------------------------------------------------------------------------------
Block #30
Seq_id	Strand	Start	End	Length
1	+	3885417	3893858	8442
2	-	3260410	3251970	8441
3	-	985579	977138	8442
4	+	2496324	2504765	8442
5	-	1600565	1592124	8442
6	-	1773654	1765213	8442
7	-	1788305	1779864	8442
8	+	1993140	2001581	8442
9	+	2875929	2884369	8441
10	+	2711278	2719719	8442
11	+	1592613	1601086	8474
12	-	1846212	1837771	8442
13	+	2728347	2736794	8448
--------------------------------------------------------------------------------
Block #31
Seq_id	Strand	Start	End	Length
1	-	884746	862605	22142
2	+	603526	626696	23171
3	-	3605842	3583701	22142
4	+	148057	170197	22141
5	+	219069	241209	22141
6	+	220357	242497	22141
7	+	217358	239500	22143
8	+	219397	241537	22141
9	+	4441461	4463601	22141
10	-	4399896	4377755	22142
11	+	146868	169008	22141
12	+	217366	239506	22141
13	-	4396801	4374569	22233
--------------------------------------------------------------------------------
Block #32
Seq_id	Strand	Start	End	Length
1	-	3131301	3126117	5185
2	-	2507998	2502812	5187
3	+	1894838	1900022	5185
4	+	1937446	1942630	5185
5	+	2369594	2374778	5185
6	+	2631125	2636309	5185
7	+	2619277	2624461	5185
8	+	1843378	1848562	5185
9	-	2195874	2190690	5185
10	+	2033275	2038459	5185
11	-	912453	907269	5185
12	-	1993305	1988121	5185
13	-	2078096	2072913	5184
--------------------------------------------------------------------------------
Block #33
Seq_id	Strand	Start	End	Length
1	-	3151742	3131331	20412
2	-	2318053	2297661	20393
3	+	1874410	1894808	20399
4	+	1916987	1937416	20430
5	+	2349157	2369564	20408
6	+	2610684	2631095	20412
7	+	2598854	2619247	20394
8	+	1822919	1843348	20430
9	-	2216333	2195904	20430
10	+	2012816	2033245	20430
11	-	932894	912483	20412
12	-	2013764	1993335	20430
13	-	2098655	2078126	20530
--------------------------------------------------------------------------------
Block #34
Seq_id	Strand	Start	End	Length
1	+	568928	583991	15064
2	+	777690	792157	14468
3	-	4613164	4598101	15064
4	-	3872410	3857347	15064
5	+	4190823	4205289	14467
6	-	534927	519864	15064
7	-	530572	515509	15064
8	-	532761	517698	15064
9	+	4083676	4098739	15064
10	-	454130	439067	15064
11	+	3565544	3579997	14454
12	-	588421	573358	15064
13	+	3872022	3886459	14438
--------------------------------------------------------------------------------
Block #35
Seq_id	Strand	Start	End	Length
1	-	568927	560862	8066
2	-	777689	769632	8058
3	-	4028224	4020168	8057
4	+	3872411	3880476	8066
5	-	4190822	4182757	8066
6	+	534928	542993	8066
7	+	530573	538638	8066
8	+	532762	540827	8066
9	-	4083675	4075610	8066
10	+	454131	462196	8066
11	-	3565543	3557478	8066
12	+	588422	596487	8066
13	-	3872001	3863995	8007
--------------------------------------------------------------------------------
Block #36
Seq_id	Strand	Start	End	Length
1	-	2475717	2362280	113438
2	+	2817613	2930063	112451
3	+	2391645	2506768	115124
4	-	1429491	1314029	115463
5	+	2845598	2958308	112711
6	+	3286225	3399786	113562
7	+	3283630	3397152	113523
8	+	3265555	3379145	113591
9	-	1708484	1594867	113618
10	-	1638407	1524789	113619
11	+	2312135	2425410	113276
12	+	3340594	3454190	113597
13	-	1600764	1486738	114027
--------------------------------------------------------------------------------
Block #37
Seq_id	Strand	Start	End	Length
1	-	857423	831356	26068
2	-	4203595	4177698	25898
3	-	4545166	4519099	26068
4	-	748560	722492	26069
5	+	427393	453480	26088
6	+	247680	273746	26067
7	+	244683	270794	26112
8	+	246719	272831	26113
9	+	574513	600577	26065
10	-	3897235	3871167	26069
11	-	4275724	4249637	26088
12	+	244689	270801	26113
13	-	4322506	4296387	26120
--------------------------------------------------------------------------------
Block #38
Seq_id	Strand	Start	End	Length
1	-	1391929	1375204	16726
2	-	509981	493309	16673
3	-	158099	141373	16727
4	-	311302	294577	16726
5	-	3523016	3506286	16731
6	+	4367888	4384613	16726
7	+	4354715	4371440	16726
8	+	4340790	4357515	16726
9	-	377800	361076	16725
10	-	105863	89138	16726
11	+	4022632	4039364	16733
12	+	4414277	4431003	16727
13	-	181557	164924	16634
--------------------------------------------------------------------------------
Block #39
Seq_id	Strand	Start	End	Length
1	+	2992751	3009390	16640
2	-	1783841	1767396	16446
3	-	2201277	2184853	16425
4	+	1623415	1639838	16424
5	-	2539425	2522967	16459
6	-	2769683	2753043	16641
7	-	2769198	2752557	16642
8	+	2839899	2856473	16575
9	+	1902363	1918788	16426
10	-	2331457	2315304	16154
11	-	2121917	2105337	16581
12	-	2722054	2705414	16641
13	+	1788104	1804191	16088
--------------------------------------------------------------------------------
Block #40
Seq_id	Strand	Start	End	Length
1	+	2279471	2295068	15598
2	+	3032438	3048037	15600
3	-	2914170	2898573	15598
4	-	3276088	3260494	15595
5	+	871103	886699	15597
6	-	3482498	3466900	15599
7	-	3479909	3464312	15598
8	-	3461909	3446312	15598
9	+	1193274	1208871	15598
10	+	1121124	1136721	15598
11	-	3130641	3115046	15596
12	-	3536902	3521305	15598
13	-	3446685	3430965	15721
--------------------------------------------------------------------------------
Block #41
Seq_id	Strand	Start	End	Length
1	-	3664104	3633148	30957
2	-	1712502	1681463	31040
3	+	1276097	1307035	30939
4	-	2440105	2409144	30962
5	-	1792202	1761184	31019
6	+	1996941	2027897	30957
7	+	1996309	2027265	30957
8	-	2542164	2511208	30957
9	-	2819774	2788819	30956
10	-	2655059	2624098	30962
11	-	1538790	1507727	31064
12	-	2513156	2482200	30957
13	-	2675300	2644162	31139
--------------------------------------------------------------------------------
Block #42
Seq_id	Strand	Start	End	Length
1	+	12293	73158	60866
2	-	194669	137472	57198
3	+	325165	386026	60862
4	+	816271	877172	60902
5	+	3926261	3988471	62211
6	-	1092981	1032116	60866
7	+	910002	965886	55885
8	+	912111	967861	55751
9	-	3721083	3660194	60890
10	-	3588955	3528021	60935
11	+	594447	650364	55918
12	+	967850	1023741	55892
13	+	881095	1009788	128694
--------------------------------------------------------------------------------
Block #43
Seq_id	Strand	Start	End	Length
1	-	3438807	3399242	39566
2	-	2550405	2511200	39206
3	+	1607479	1648014	40536
4	-	2218009	2178201	39809
5	+	2105573	2144870	39298
6	+	2323174	2362990	39817
7	+	2320102	2359892	39791
8	-	2217833	2178121	39713
9	-	2496314	2456493	39822
10	+	1731798	1771602	39805
11	-	1210883	1171225	39659
12	-	2290334	2250514	39821
13	-	2351135	2311472	39664
--------------------------------------------------------------------------------
Block #44
Seq_id	Strand	Start	End	Length
1	-	690938	635287	55652
2	-	898884	844777	54108
3	-	4377189	4323501	53689
4	-	4069092	4015373	53720
5	-	4310183	4256493	53691
6	+	414876	468568	53693
7	+	410528	464213	53686
8	+	412728	466403	53676
9	-	4205714	4151989	53726
10	+	334084	387777	53694
11	-	3684127	3630473	53655
12	+	468376	522061	53686
13	-	3991381	3936969	54413
--------------------------------------------------------------------------------
Block #45
Seq_id	Strand	Start	End	Length
1	-	2697025	2645167	51859
2	-	410173	358478	51696
3	-	2365939	2312804	53136
4	+	1454991	1506137	51147
5	-	2701095	2649859	51237
6	+	3065365	3117257	51893
7	-	3258163	3206966	51198
8	-	3240176	3188911	51266
9	+	1733969	1785070	51102
10	-	2500166	2448907	51260
11	-	2287005	2235927	51079
12	-	3315087	3263950	51138
13	+	1626128	1677370	51243
--------------------------------------------------------------------------------
Block #46
Seq_id	Strand	Start	End	Length
1	-	1838908	1812924	25985
2	-	4231241	4205550	25692
3	+	76322	102305	25984
4	+	564627	590610	25984
5	-	613299	587316	25984
6	+	3920398	3946382	25985
7	-	4105154	4079192	25963
8	+	3897239	3923225	25987
9	-	758344	732360	25985
10	+	3713315	3739299	25985
11	+	4091858	4117817	25960
12	-	4165070	4139086	25985
13	+	4076233	4101926	25694
--------------------------------------------------------------------------------
Block #47
Seq_id	Strand	Start	End	Length
1	-	620728	583992	36737
2	-	829211	792158	37054
3	+	4561364	4598100	36737
4	-	4000819	3964084	36736
5	-	4241911	4205290	36622
6	+	483126	519863	36738
7	+	478771	515508	36738
8	+	480962	517697	36736
9	-	4135476	4098740	36737
10	+	402330	439066	36737
11	-	3615910	3579999	35912
12	+	536913	573357	36445
13	-	3922398	3886509	35890
--------------------------------------------------------------------------------
Block #48
Seq_id	Strand	Start	End	Length
1	+	2212933	2220029	7097
2	+	3346773	3353869	7097
3	-	2980713	2973608	7106
4	-	3340666	3333570	7097
5	+	806491	813587	7097
6	-	3549034	3541938	7097
7	-	3544492	3537397	7096
8	-	3526452	3519356	7097
9	+	1126736	1133343	6608
10	+	1054587	1061683	7097
11	-	3195989	3188894	7096
12	-	3601480	3594384	7097
13	-	3510050	3504036	6015
--------------------------------------------------------------------------------
Block #49
Seq_id	Strand	Start	End	Length
1	+	524985	560861	35877
2	+	3087973	3122559	34587
3	+	3984306	4020167	35862
4	-	3914392	3880477	33916
5	+	4148856	4182756	33901
6	-	578870	542994	35877
7	-	574514	538639	35876
8	-	576689	540828	35862
9	+	4041691	4075609	33919
10	-	496115	462197	33919
11	+	3523886	3557477	33592
12	-	632364	596488	35877
13	+	3829548	3863961	34414
--------------------------------------------------------------------------------
Block #50
Seq_id	Strand	Start	End	Length
1	+	1778951	1806971	28021
2	-	1179722	1151377	28346
3	+	4187872	4216229	28358
4	-	4141405	4113167	28239
5	-	4352192	4323841	28352
6	-	3980694	3952335	28360
7	+	4044888	4073238	28351
8	-	3957528	3929178	28351
9	-	150458	122107	28352
10	-	3937261	3909023	28239
11	+	368508	396857	28350
12	+	4104774	4133133	28360
13	+	530415	558036	27622
--------------------------------------------------------------------------------
Block #51
Seq_id	Strand	Start	End	Length
1	+	2245831	2266607	20777
2	-	3224547	3203556	20992
3	-	2947805	2927034	20772
4	-	3307768	3286992	20777
5	+	839389	860165	20777
6	-	3516136	3495360	20777
7	-	3511596	3490820	20777
8	-	3493555	3472779	20777
9	+	1161593	1182370	20778
10	+	1089738	1110220	20483
11	-	3162671	3141577	21095
12	-	3568582	3547806	20777
13	-	3478440	3457589	20852
--------------------------------------------------------------------------------
Block #52
Seq_id	Strand	Start	End	Length
1	+	475296	488931	13636
2	+	1137749	1151376	13628
3	+	3564886	3578521	13636
4	-	3964082	3950446	13637
5	-	3221370	3207735	13636
6	-	628554	614919	13636
7	-	624212	610578	13635
8	-	626402	612767	13636
9	+	3991985	4005620	13636
10	-	546146	532203	13944
11	-	410486	396858	13629
12	-	682073	668438	13636
13	-	571106	558037	13070
--------------------------------------------------------------------------------
Block #53
Seq_id	Strand	Start	End	Length
1	-	1191064	1149462	41603
2	+	3991082	4032645	41564
3	-	3378506	3335152	43355
4	+	4447038	4488638	41601
5	+	4509779	4551362	41584
6	+	4568695	4610297	41603
7	+	4555686	4597287	41602
8	+	4541921	4583523	41603
9	+	4515482	4557083	41602
10	+	4244274	4285875	41602
11	-	51069	9469	41601
12	+	4468554	4510155	41602
13	+	4640605	4682061	41457
--------------------------------------------------------------------------------
Block #54
Seq_id	Strand	Start	End	Length
1	+	977996	984772	6777
2	+	4036459	4043229	6771
3	-	309240	302490	6751
4	-	260233	253465	6769
5	-	127833	121064	6770
6	-	127107	120321	6787
7	-	126068	119307	6762
8	-	126144	119368	6777
9	-	326730	319980	6751
10	+	4287738	4294507	6770
11	+	4358036	4364804	6769
12	-	126075	119307	6769
13	-	132024	125301	6724
--------------------------------------------------------------------------------
Block #55
Seq_id	Strand	Start	End	Length
1	+	3221238	3268760	47523
2	-	2376871	2329215	47657
3	-	1813116	1765586	47531
4	-	1856437	1808777	47661
5	-	2287062	2239492	47571
6	-	2541156	2493634	47523
7	-	2538074	2490542	47533
8	-	1762154	1714607	47548
9	-	2317544	2269894	47651
10	-	1949938	1902461	47478
11	+	995133	1042653	47521
12	+	2072331	2119863	47533
13	+	2178645	2226595	47951
--------------------------------------------------------------------------------
Block #56
Seq_id	Strand	Start	End	Length
1	-	328321	319500	8822
2	-	246820	238407	8414
3	-	3415194	3406610	8585
4	-	3711632	3703048	8585
5	+	3368173	3376757	8585
6	+	776971	785792	8822
7	+	770697	779572	8876
8	+	772856	781730	8875
9	-	3846253	3837963	8291
10	+	685834	694418	8585
11	+	557803	566375	8573
12	+	828516	837391	8876
13	+	743206	751300	8095
--------------------------------------------------------------------------------
Block #57
Seq_id	Strand	Start	End	Length
1	+	2498298	2541870	43573
2	-	3310068	3266512	43557
3	+	2535415	2580952	45538
4	-	1285382	1241803	43580
5	+	2984479	3028070	43592
6	+	3153826	3197384	43559
7	+	2839048	2882628	43581
8	-	3152342	3108770	43573
9	-	1566220	1522643	43578
10	-	1496142	1452563	43580
11	+	2454052	2497584	43533
12	-	3227380	3183803	43578
13	-	1457961	1414182	43780
--------------------------------------------------------------------------------
Block #58
Seq_id	Strand	Start	End	Length
1	-	2573935	2547320	26616
2	-	447639	421566	26074
3	-	2612566	2586394	26173
4	-	2979489	2953331	26159
5	-	3060082	3033839	26244
6	-	3228979	3202834	26146
7	-	2914206	2888078	26129
8	+	3077201	3103320	26120
9	+	1491066	1517193	26128
10	+	1420970	1447113	26144
11	-	2529314	2503053	26262
12	+	3152226	3178353	26128
13	+	1383852	1409718	25867
--------------------------------------------------------------------------------
Block #59
Seq_id	Strand	Start	End	Length
1	+	4299843	4337002	37160
2	+	1495509	1531999	36491
3	+	1080524	1117660	37137
4	-	2890293	2853118	37176
5	-	984874	948440	36435
6	+	1377800	1414941	37142
7	+	1391258	1428434	37177
8	-	1382553	1345378	37176
9	-	3269942	3232765	37178
10	-	3105930	3068775	37156
11	-	2814326	2777812	36515
12	+	1449159	1486335	37177
13	-	3118276	3081012	37265
--------------------------------------------------------------------------------
Block #60
Seq_id	Strand	Start	End	Length
1	+	1392499	1485316	92818
2	+	510551	603373	92823
3	+	158128	250904	92777
4	+	311872	402677	90806
5	+	3523586	3613092	89507
6	-	4367318	4276522	90797
7	-	4354145	4263311	90835
8	-	4340220	4249409	90812
9	+	378370	469227	90858
10	+	106433	197195	90763
11	-	4022062	3932475	89588
12	-	4414221	4323392	90830
13	+	182042	272120	90079
--------------------------------------------------------------------------------
Block #61
Seq_id	Strand	Start	End	Length
1	-	2245830	2220030	25801
2	+	3224548	3251549	27002
3	+	2947806	2973607	25802
4	+	3307769	3333569	25801
5	-	839388	813588	25801
6	+	3516137	3541937	25801
7	+	3511597	3537396	25800
8	+	3493556	3519355	25800
9	-	1161592	1135792	25801
10	-	1089443	1061684	27760
11	+	3162672	3188893	26222
12	+	3568583	3594383	25801
13	+	3478441	3503948	25508
--------------------------------------------------------------------------------
Block #62
Seq_id	Strand	Start	End	Length
1	-	1916072	1858472	57601
2	-	4309371	4251788	57584
3	+	3275683	3333283	57601
4	+	3633877	3691178	57302
5	-	690484	632887	57598
6	+	3843233	3900834	57602
7	+	3833979	3891581	57603
8	+	3820076	3877676	57601
9	-	835236	777932	57305
10	-	763240	706288	56953
11	+	3702323	3759909	57587
12	+	3893866	3951467	57602
13	+	4000631	4057795	57165
--------------------------------------------------------------------------------
Block #63
Seq_id	Strand	Start	End	Length
1	+	620729	634972	14244
2	+	830010	844462	14453
3	-	4561363	4547121	14243
4	+	4000820	4015058	14239
5	+	4241912	4256178	14267
6	-	483125	468883	14243
7	-	478770	464528	14243
8	-	480961	466718	14244
9	+	4135477	4149715	14239
10	-	402329	388092	14238
11	+	3615911	3630158	14248
12	-	536619	522376	14244
13	+	3922403	3936654	14252
--------------------------------------------------------------------------------
Block #64
Seq_id	Strand	Start	End	Length
1	-	1952346	1922983	29364
2	+	1043110	1073164	30055
3	+	3239408	3268771	29364
4	+	3597580	3626966	29387
5	-	284263	254887	29377
6	+	3806959	3836322	29364
7	+	3797754	3827068	29315
8	+	3783801	3813166	29366
9	-	871597	842147	29451
10	-	800533	771155	29379
11	-	3347975	3318629	29347
12	+	3857567	3886955	29389
13	+	3767242	3795963	28722
--------------------------------------------------------------------------------
Block #65
Seq_id	Strand	Start	End	Length
1	+	2573936	2597633	23698
2	+	447640	470592	22953
3	+	2612567	2635539	22973
4	+	2979490	3003040	23551
5	-	2843865	2820893	22973
6	+	3228980	3252677	23698
7	+	2914207	2937906	23700
8	-	3077200	3053502	23699
9	-	1491065	1468228	22838
10	-	1420969	1398129	22841
11	+	2529315	2551848	22534
12	-	3152225	3128528	23698
13	-	1383203	1360872	22332
--------------------------------------------------------------------------------
Block #66
Seq_id	Strand	Start	End	Length
1	-	1535350	1525060	10291
2	-	1989013	1979306	9708
3	+	3837389	3847679	10291
4	-	452646	442356	10291
5	-	3662460	3652753	9708
6	+	4226502	4236792	10291
7	+	4213297	4223587	10291
8	+	4199383	4209673	10291
9	-	519213	508923	10291
10	-	247195	236905	10291
11	+	3885045	3894752	9708
12	+	4273309	4283599	10291
13	-	319740	310050	9691
--------------------------------------------------------------------------------
Block #67
Seq_id	Strand	Start	End	Length
1	-	2212932	2204824	8109
2	+	3597860	3606225	8366
3	+	2981147	2989247	8101
4	+	3340667	3348489	7823
5	-	806490	798648	7843
6	+	3549035	3557143	8109
7	+	3544493	3552316	7824
8	+	3526453	3534255	7803
9	-	1126735	1118913	7823
10	-	1054153	1046053	8101
11	+	3195990	3203792	7803
12	+	3601481	3609589	8109
13	+	3510151	3518064	7914
--------------------------------------------------------------------------------
Block #68
Seq_id	Strand	Start	End	Length
1	+	3893859	3930443	36585
2	+	3354089	3390571	36483
3	-	977137	940518	36620
4	+	2504766	2541378	36613
5	-	1592123	1555539	36585
6	-	1765212	1728628	36585
7	-	1779863	1743252	36612
8	+	2001582	2038192	36611
9	+	2884370	2920980	36611
10	+	2719720	2756331	36612
11	+	1601087	1637671	36585
12	-	1837770	1801159	36612
13	+	2736795	2772968	36174
--------------------------------------------------------------------------------
Block #69
Seq_id	Strand	Start	End	Length
1	-	246396	220767	25630
2	+	3433024	3458657	25634
3	-	561968	536285	25684
4	-	1048539	1022847	25693
5	-	3191873	3166207	25667
6	+	858885	884515	25631
7	-	1137232	1111547	25686
8	-	1139903	1114219	25685
9	+	3488865	3514531	25667
10	+	3356684	3382377	25694
11	+	1910741	1936434	25694
12	-	1195086	1169402	25685
13	-	1178665	1152894	25772
--------------------------------------------------------------------------------
Block #70
Seq_id	Strand	Start	End	Length
1	-	196640	172464	24177
2	-	3597647	3573442	24206
3	-	512166	488006	24161
4	-	998728	974536	24193
5	+	4013420	4037776	24357
6	+	908634	932809	24176
7	-	1087427	1063234	24194
8	-	1089387	1065210	24178
9	+	3538658	3562832	24175
10	+	3406496	3430664	24169
11	-	772616	748454	24163
12	-	1145283	1121091	24193
13	-	1131450	1107363	24088
--------------------------------------------------------------------------------
Block #71
Seq_id	Strand	Start	End	Length
1	+	988261	994547	6287
2	-	118189	111903	6287
3	-	299001	292715	6287
4	-	249976	243690	6287
5	-	117565	111279	6287
6	-	116832	110546	6287
7	-	115818	109532	6287
8	-	115879	109593	6287
9	-	316491	310205	6287
10	+	4297985	4304271	6287
11	+	4368279	4374565	6287
12	-	115818	109532	6287
13	-	121796	115528	6269
--------------------------------------------------------------------------------
Block #72
Seq_id	Strand	Start	End	Length
1	-	3957547	3936632	20916
2	+	3177521	3198854	21334
3	+	915388	936288	20901
4	-	2566509	2545609	20901
5	+	1530428	1551328	20901
6	+	1701524	1722439	20916
7	+	1718122	1739022	20901
8	-	2063322	2042422	20901
9	-	2946110	2925210	20901
10	-	2782172	2761272	20901
11	-	1664764	1641901	22864
12	+	1776029	1796929	20901
13	-	2797890	2777026	20865
--------------------------------------------------------------------------------
Block #73
Seq_id	Strand	Start	End	Length
1	-	12292	1	12292
2	+	195993	208249	12257
3	-	325164	312873	12292
4	-	816270	803979	12292
5	-	3926260	3913969	12292
6	+	1092982	1105273	12292
7	-	910001	897709	12293
8	-	912110	899819	12292
9	+	3721084	3733375	12292
10	+	3588956	3601247	12292
11	-	594446	582173	12274
12	-	967849	955558	12292
13	-	881094	868806	12289
--------------------------------------------------------------------------------
Block #74
Seq_id	Strand	Start	End	Length
1	-	4030593	4016793	13801
2	+	3392029	3405887	13859
3	+	840226	854095	13870
4	-	2639707	2625837	13871
5	+	1455272	1469141	13870
6	+	1628390	1642190	13801
7	+	1639903	1653773	13871
8	+	1620399	1634268	13870
9	-	3019304	3005436	13869
10	-	2855369	2841500	13870
11	-	1736644	1722775	13870
12	+	1697837	1711706	13870
13	-	2872662	2859115	13548
--------------------------------------------------------------------------------
Block #75
Seq_id	Strand	Start	End	Length
1	+	1342305	1360670	18366
2	-	4144207	4125857	18351
3	+	108523	126839	18317
4	+	261679	280043	18365
5	+	3473393	3491752	18360
6	-	4417510	4399146	18365
7	-	4404339	4385974	18366
8	-	4390472	4372108	18365
9	+	328177	346542	18366
10	+	56239	74604	18366
11	-	4072262	4053898	18365
12	-	4463902	4445537	18366
13	+	132039	150393	18355
--------------------------------------------------------------------------------
Block #76
Seq_id	Strand	Start	End	Length
1	+	4167107	4194996	27890
2	+	1429243	1457843	28601
3	+	661827	689716	27890
4	+	1146421	1174310	27890
5	-	1137838	1109888	27951
6	+	1245091	1272980	27890
7	+	1236381	1264270	27890
8	-	1515230	1487340	27891
9	-	3389735	3361846	27890
10	-	3258783	3230895	27889
11	-	2947369	2918732	28638
12	+	1294288	1322214	27927
13	-	3264388	3236197	28192
--------------------------------------------------------------------------------
Block #77
Seq_id	Strand	Start	End	Length
1	+	3979844	4016643	36800
2	-	3155225	3124514	30712
3	-	893091	854245	38847
4	+	2588806	2625687	36882
5	-	1508132	1471251	36882
6	-	1679227	1642340	36888
7	-	1695825	1653923	41903
8	-	1676439	1634418	42022
9	+	2968408	3005286	36879
10	+	2804469	2841350	36882
11	+	1685738	1722625	36888
12	-	1753732	1711856	41877
13	+	2822734	2858965	36232
--------------------------------------------------------------------------------
Block #78
Seq_id	Strand	Start	End	Length
1	+	3165403	3193907	28505
2	-	2415299	2385183	30117
3	-	1858905	1830338	28568
4	-	1904298	1875556	28743
5	-	2333525	2304670	28856
6	-	2597023	2568505	28519
7	-	2585193	2556654	28540
8	-	1809253	1780736	28518
9	-	2365455	2336662	28794
10	-	1998804	1970068	28737
11	+	946567	975412	28846
12	+	2027437	2056245	28809
13	+	2111605	2140337	28733
--------------------------------------------------------------------------------
Block #79
Seq_id	Strand	Start	End	Length
1	+	328322	406975	78654
2	+	246821	324330	77510
3	+	3417154	3495236	78083
4	+	3711633	3789656	78024
5	-	3368172	3290398	77775
6	-	776970	698204	78767
7	-	770696	691906	78791
8	-	772855	694093	78763
9	+	3846254	3924294	78041
10	-	685833	607775	78059
11	-	557802	480171	77632
12	-	828515	749754	78762
13	-	743172	648570	94603
--------------------------------------------------------------------------------
Block #80
Seq_id	Strand	Start	End	Length
1	-	3290905	3268761	22145
2	-	2442094	2417605	24490
3	+	1743458	1765585	22128
4	+	1786632	1808776	22145
5	+	2217364	2239491	22128
6	+	2471489	2493633	22145
7	+	2468396	2490541	22146
8	+	1692458	1714606	22149
9	+	2247731	2269893	22163
10	+	1880119	1902280	22162
11	-	1065374	1042654	22721
12	-	2142008	2119864	22145
13	-	2248703	2226596	22108
--------------------------------------------------------------------------------
Block #81
Seq_id	Strand	Start	End	Length
1	-	220766	199323	21444
2	+	3458658	3480098	21441
3	-	536284	514849	21436
4	-	1022846	1001411	21436
5	-	3164883	3143453	21431
6	+	884516	905951	21436
7	-	1111546	1090110	21437
8	-	1114218	1092781	21438
9	+	3514532	3535975	21444
10	+	3382378	3403813	21436
11	-	796724	775299	21426
12	-	1169401	1147966	21436
13	-	1152893	1131464	21430
--------------------------------------------------------------------------------
Block #82
Seq_id	Strand	Start	End	Length
1	-	2149783	2138411	11373
2	+	3531093	3542284	11192
3	+	3043861	3055051	11191
4	+	3404555	3415928	11374
5	-	746134	734762	11373
6	+	3612183	3623556	11374
7	+	3604971	3616344	11374
8	+	3588868	3600241	11374
9	-	1066382	1055008	11375
10	-	993390	982024	11367
11	+	3256953	3268348	11396
12	+	3662670	3674043	11374
13	+	3571051	3582538	11488
--------------------------------------------------------------------------------
Block #83
Seq_id	Strand	Start	End	Length
1	-	2328945	2295069	33877
2	-	1333964	1300237	33728
3	+	2864785	2898572	33788
4	+	3226714	3260493	33780
5	-	920477	886700	33778
6	+	3433120	3466899	33780
7	+	3430488	3464311	33824
8	+	3412478	3446311	33834
9	-	1242644	1208872	33773
10	-	1171616	1136722	34895
11	+	3081398	3115045	33648
12	+	3487524	3521304	33781
13	+	3397359	3430960	33602
--------------------------------------------------------------------------------
Block #84
Seq_id	Strand	Start	End	Length
1	+	1106031	1139996	33966
2	-	4504254	4470290	33965
3	-	4702289	4668325	33965
4	-	4532063	4498104	33960
5	-	4594816	4560860	33957
6	-	4653728	4619763	33966
7	-	4640720	4606755	33966
8	-	4626944	4592980	33965
9	-	4600506	4566541	33966
10	-	4534590	4500625	33966
11	+	4483380	4517345	33966
12	-	4553586	4519621	33966
13	-	4723057	4690313	32745
--------------------------------------------------------------------------------
Block #85
Seq_id	Strand	Start	End	Length
1	+	3534890	3590101	55212
2	-	2152834	2096096	56739
3	-	1409202	1352031	57172
4	+	2310833	2366097	55265
5	+	1663114	1718409	55296
6	-	2126123	2070944	55180
7	-	2125692	2070454	55239
8	+	2412211	2468147	55937
9	+	2690669	2745915	55247
10	+	2525814	2581042	55229
11	+	1410076	1465243	55168
12	+	2383905	2439152	55248
13	+	2503218	2601682	98465
--------------------------------------------------------------------------------
Block #86
Seq_id	Strand	Start	End	Length
1	-	2632646	2621994	10653
2	+	1966694	1977355	10662
3	+	2836050	2846702	10653
4	+	3197978	3208630	10653
5	+	1243013	1253665	10653
6	+	3129778	3140430	10653
7	-	3194445	3183793	10653
8	-	3176390	3165739	10652
9	-	1271380	1260728	10653
10	-	1201264	1190612	10653
11	+	3052723	3063315	10593
12	-	3251428	3240776	10653
13	+	3370284	3380933	10650
--------------------------------------------------------------------------------
Block #87
Seq_id	Strand	Start	End	Length
1	-	4265823	4243386	22438
2	+	1396051	1418380	22330
3	-	1044484	1022091	22394
4	+	2924357	2946868	22512
5	+	1018882	1041314	22433
6	-	1343780	1321343	22438
7	-	1357226	1334730	22497
8	+	1416758	1439051	22294
9	+	3304119	3326538	22420
10	+	3140120	3162431	22312
11	+	2849943	2872240	22298
12	-	1415097	1392660	22438
13	+	3152305	3174276	21972
--------------------------------------------------------------------------------
Block #88
Seq_id	Strand	Start	End	Length
1	+	3151743	3157276	5534
2	+	2318054	2323556	5503
3	-	1872450	1866917	5534
4	-	1916986	1911423	5564
5	-	2349156	2343611	5546
6	-	2610683	2605150	5534
7	-	2598853	2593320	5534
8	-	1822918	1817379	5540
9	+	2216334	2221891	5558
10	-	2012815	2007252	5564
11	+	932895	938440	5546
12	+	2013765	2019310	5546
13	+	2098656	2104189	5534
--------------------------------------------------------------------------------
Block #89
Seq_id	Strand	Start	End	Length
1	-	1778950	1760881	18070
2	+	1179723	1197779	18057
3	-	4187871	4169802	18070
4	+	4141406	4159475	18070
5	+	4352193	4370262	18070
6	+	3980695	3998764	18070
7	-	4044887	4026818	18070
8	+	3957529	3975598	18070
9	+	150459	168528	18070
10	+	3937262	3955331	18070
11	-	368507	350578	17930
12	-	4104773	4086704	18070
13	-	530326	512311	18016
--------------------------------------------------------------------------------
Block #90
Seq_id	Strand	Start	End	Length
1	-	1337073	1243234	93840
2	-	4410488	4315276	95213
3	+	4221194	4315096	93903
4	+	4296527	4394224	97698
5	+	3679215	3773408	94194
6	+	4420783	4514622	93840
7	+	4407612	4501523	93912
8	+	4393745	4487675	93931
9	-	4348361	4254503	93859
10	+	4092414	4190112	97699
11	+	3763175	3862022	98848
12	-	2879794	2785877	93918
13	+	4488257	4594554	106298
--------------------------------------------------------------------------------
Block #91
Seq_id	Strand	Start	End	Length
1	+	419043	473467	54425
2	+	1081498	1135920	54423
3	+	3508633	3563057	54425
4	+	3801093	3855518	54426
5	-	3277639	3223199	54441
6	-	684807	630383	54425
7	-	680468	626042	54427
8	-	682653	628231	54423
9	+	3935732	3990156	54425
10	-	596337	547975	48363
11	-	466763	412315	54449
12	-	738327	683902	54426
13	-	637928	573495	64434
--------------------------------------------------------------------------------
Block #92
Seq_id	Strand	Start	End	Length
1	+	2793573	2806391	12819
2	+	331935	344753	12819
3	+	2739934	2752752	12819
4	+	3104158	3116976	12819
5	+	1150649	1163045	12397
6	-	2968863	2956045	12819
7	+	3041004	3053805	12802
8	-	2950425	2937606	12820
9	-	1365152	1352334	12819
10	-	1295076	1282258	12819
11	+	2960179	2972574	12396
12	-	3025446	3012628	12819
13	+	3264826	3277099	12274
--------------------------------------------------------------------------------
Block #93
Seq_id	Strand	Start	End	Length
1	+	4409430	4424807	15378
2	+	1604351	1619430	15080
3	+	699158	714531	15374
4	-	2780709	2765336	15374
5	-	1386736	1371322	15415
6	+	1487362	1502740	15379
7	+	1500855	1516227	15373
8	-	1272955	1257582	15374
9	-	3160358	3144996	15363
10	-	2996385	2981013	15373
11	-	2704704	2689327	15378
12	+	1559043	1574122	15080
13	-	3009135	2993748	15388
--------------------------------------------------------------------------------
Block #94
Seq_id	Strand	Start	End	Length
1	+	1952347	2004022	51676
2	-	1042220	990845	51376
3	-	3239407	3187776	51632
4	-	3597579	3545867	51713
5	+	284264	335915	51652
6	-	3806958	3755283	51676
7	-	3797753	3746103	51651
8	-	3783800	3732140	51661
9	+	871598	923267	51670
10	+	800534	852254	51721
11	+	3348155	3399478	51324
12	-	3857566	3805899	51668
13	-	3767215	3715684	51532
--------------------------------------------------------------------------------
Block #95
Seq_id	Strand	Start	End	Length
1	+	769399	780389	10991
2	+	758656	769628	10973
3	+	4457087	4468076	10990
4	+	660535	671525	10991
5	-	517421	506431	10991
6	-	336415	325425	10991
7	-	332803	321814	10990
8	-	334810	323820	10991
9	-	662563	651574	10990
10	+	3809218	3820172	10955
11	+	4187650	4198640	10991
12	-	332801	321811	10991
13	+	4234267	4245362	11096
--------------------------------------------------------------------------------
Block #96
Seq_id	Strand	Start	End	Length
1	-	4496145	4486328	9818
2	-	3418012	3408195	9818
3	+	576980	586797	9818
4	+	1063551	1073368	9818
5	-	3140184	3130367	9818
6	+	1162899	1172716	9818
7	+	1154204	1164021	9818
8	+	1543056	1552870	9815
9	-	3473853	3464036	9818
10	-	3341672	3331855	9818
11	-	1893856	1883839	10018
12	+	1212058	1221875	9818
13	+	1193692	1203739	10048
--------------------------------------------------------------------------------
Block #97
Seq_id	Strand	Start	End	Length
1	+	3076278	3125111	48834
2	-	2696501	2647581	48921
3	-	1947557	1901028	46530
4	-	1987789	1943636	44154
5	-	2422666	2375784	46883
6	-	2686155	2637315	48841
7	+	1882333	1929187	46855
8	-	1898400	1851526	46875
9	+	2148104	2189684	41581
10	-	2084608	2039465	45144
11	+	857386	904304	46919
12	+	1940241	1987115	46875
13	+	2028301	2072108	43808
--------------------------------------------------------------------------------
Block #98
Seq_id	Strand	Start	End	Length
1	-	2274526	2266608	7919
2	-	3029452	3021535	7918
3	+	2919116	2927033	7918
4	+	3279074	3286991	7918
5	-	868083	860166	7918
6	+	3487441	3495359	7919
7	+	3482895	3490819	7925
8	+	3464861	3472778	7918
9	-	1190288	1182371	7918
10	-	1118138	1110221	7918
11	+	3133627	3141576	7950
12	+	3539888	3547805	7918
13	+	3449671	3457588	7918
--------------------------------------------------------------------------------
Block #99
Seq_id	Strand	Start	End	Length
1	+	1139997	1147601	7605
2	-	4470289	4462684	7606
3	-	4668324	4660719	7606
4	-	4498103	4490498	7606
5	-	4560859	4553254	7606
6	-	4619762	4612157	7606
7	-	4606754	4599147	7608
8	-	4592979	4585374	7606
9	-	4566540	4558935	7606
10	-	4500624	4493182	7443
11	+	1	7608	7608
12	-	4519620	4512015	7606
13	-	4690312	4682509	7804
--------------------------------------------------------------------------------
Block #100
Seq_id	Strand	Start	End	Length
1	-	4436167	4426762	9406
2	-	2814545	2805090	9456
3	+	639612	649017	9406
4	+	1124206	1133611	9406
5	-	3080221	3070812	9410
6	+	1222877	1232282	9406
7	+	1214166	1223571	9406
8	+	1603018	1612424	9407
9	-	3411931	3402544	9388
10	-	3280998	3271593	9406
11	-	1833684	1824259	9426
12	+	1272036	1281478	9443
13	+	1253218	1262665	9448
--------------------------------------------------------------------------------
Block #101
Seq_id	Strand	Start	End	Length
1	-	1105781	1093741	12041
2	+	250	12275	12026
3	+	250	14252	14003
4	+	250	12290	12041
5	+	1	12056	12056
6	+	251	12291	12041
7	+	250	12290	12041
8	+	250	12291	12042
9	+	1	12041	12041
10	+	250	12290	12041
11	-	4483130	4471105	12026
12	+	250	12290	12041
13	+	1	12026	12026
--------------------------------------------------------------------------------
Block #102
Seq_id	Strand	Start	End	Length
1	-	2107818	2100559	7260
2	+	3689552	3696812	7261
3	+	3085603	3092862	7260
4	+	3444546	3451805	7260
5	-	704160	696900	7261
6	+	3654149	3661408	7260
7	+	3646880	3654139	7260
8	+	3630834	3638093	7260
9	-	1024414	1017155	7260
10	-	953391	946132	7260
11	+	3305890	3313150	7261
12	+	3704576	3711835	7260
13	+	3617846	3624526	6681
--------------------------------------------------------------------------------
Block #103
Seq_id	Strand	Start	End	Length
1	-	769398	707148	62251
2	-	758655	696281	62375
3	-	4455127	4393399	61729
4	-	660534	598944	61591
5	+	517422	578982	61561
6	+	336416	398666	62251
7	+	332804	394319	61516
8	+	334811	396518	61708
9	+	662564	724026	61463
10	-	3809217	3747633	61585
11	-	4187649	4126152	61498
12	+	332802	452166	119365
13	-	4234265	4107591	126675
--------------------------------------------------------------------------------
Block #104
Seq_id	Strand	Start	End	Length
1	+	3825434	3846346	20913
2	+	3704661	3724833	20173
3	+	2150739	2171631	20893
4	-	1671955	1651768	20188
5	+	2492158	2512360	20203
6	-	1833637	1812725	20913
7	+	2719713	2740627	20915
8	+	2701568	2722481	20914
9	-	1950906	1930718	20189
10	+	2283187	2303374	20188
11	+	2074563	2094730	20168
12	+	2672572	2693484	20913
13	-	1844724	1825914	18811
--------------------------------------------------------------------------------
Block #105
Seq_id	Strand	Start	End	Length
1	+	1838909	1857034	18126
2	+	4232042	4250350	18309
3	-	76321	58196	18126
4	-	564626	546477	18150
5	+	613300	631449	18150
6	-	3920397	3902272	18126
7	+	4105155	4123305	18151
8	-	3897238	3879114	18125
9	+	758345	776494	18150
10	-	3713314	3695165	18150
11	-	4091857	4073707	18151
12	+	4165071	4183221	18151
13	-	4075938	4057796	18143
--------------------------------------------------------------------------------
Block #106
Seq_id	Strand	Start	End	Length
1	+	3957548	3963825	6278
2	-	3176197	3169920	6278
3	-	915387	909110	6278
4	+	2566510	2572787	6278
5	-	1530427	1524150	6278
6	-	1701523	1695246	6278
7	-	1718121	1711844	6278
8	+	2063323	2069600	6278
9	+	2946111	2952388	6278
10	+	2782173	2788450	6278
11	+	1664765	1671042	6278
12	-	1776028	1769751	6278
13	+	2797891	2804152	6262
--------------------------------------------------------------------------------
Block #107
Seq_id	Strand	Start	End	Length
1	-	1758927	1741584	17344
2	+	1197780	1215139	17360
3	-	4169801	4152456	17346
4	+	4159476	4176821	17346
5	+	4370263	4387616	17354
6	-	4134759	4117416	17344
7	-	4026817	4009472	17346
8	+	3975599	3992943	17345
9	+	168529	185874	17346
10	+	3955332	3972685	17354
11	-	350577	333240	17338
12	-	4086703	4069358	17346
13	-	512310	495098	17213
--------------------------------------------------------------------------------
Block #108
Seq_id	Strand	Start	End	Length
1	-	4407029	4342320	64710
2	-	1600944	1537283	63662
3	-	1191057	1124937	66121
4	+	2783110	2847800	64691
5	+	1389121	1453814	64694
6	-	1484961	1420259	64703
7	-	1498454	1433752	64703
8	+	1275356	1340061	64706
9	+	3162770	3227448	64679
10	+	2998786	3063457	64672
11	+	2707106	2772494	65389
12	-	1556347	1491653	64695
13	+	3011582	3075820	64239
--------------------------------------------------------------------------------
Block #109
Seq_id	Strand	Start	End	Length
1	+	2487582	2498067	10486
2	-	1349328	1338843	10486
3	+	2849382	2859867	10486
4	+	3211311	3221796	10486
5	-	935879	925395	10485
6	+	3143110	3153595	10486
7	+	2828332	2838817	10486
8	-	3163059	3152573	10487
9	-	1258048	1247563	10486
10	-	1187932	1177447	10486
11	+	3065995	3076480	10486
12	-	3238096	3227611	10486
13	+	3382674	3392676	10003
--------------------------------------------------------------------------------
Block #110
Seq_id	Strand	Start	End	Length
1	+	3816646	3825433	8788
2	-	2955490	2947309	8182
3	+	2139992	2148784	8793
4	-	1680743	1671956	8788
5	+	2483370	2492157	8788
6	-	1842425	1833638	8788
7	+	2710925	2719712	8788
8	+	2692780	2701567	8788
9	-	1959694	1950907	8788
10	+	2274399	2283186	8788
11	+	2065775	2074562	8788
12	+	2663784	2672571	8788
13	-	1853416	1844938	8479
--------------------------------------------------------------------------------
Block #111
Seq_id	Strand	Start	End	Length
1	+	136060	168965	32906
2	+	4092380	4125148	32769
3	+	451599	484507	32909
4	+	938122	971037	32916
5	-	4074172	4041267	32906
6	-	969214	936309	32906
7	+	1026828	1059735	32908
8	+	1028803	1061710	32908
9	-	3599246	3566332	32915
10	-	3467069	3434155	32915
11	+	712034	744955	32922
12	+	1084684	1117592	32909
13	+	1070387	1103552	33166
--------------------------------------------------------------------------------
Block #112
Seq_id	Strand	Start	End	Length
1	+	1487723	1523108	35386
2	-	3892805	3857502	35304
3	+	255270	290760	35491
4	+	405084	440404	35321
5	+	3615499	3650801	35303
6	-	4274115	4238744	35372
7	-	4260904	4225539	35366
8	-	4247002	4211625	35378
9	+	471634	506971	35338
10	+	199602	234953	35352
11	-	3930068	3894753	35316
12	-	4320985	4285551	35435
13	+	274396	310049	35654
--------------------------------------------------------------------------------
Block #113
Seq_id	Strand	Start	End	Length
1	+	913099	972134	59036
2	+	3925204	3982127	56924
3	+	3636133	3693209	57077
4	-	119705	62611	57095
5	-	190735	133695	57041
6	-	190045	132969	57077
7	-	189005	131929	57077
8	-	191043	134389	56655
9	-	4413108	4356049	57060
10	+	4428249	4485361	57113
11	-	118510	61459	57052
12	-	189013	131937	57077
13	+	4424561	4481697	57137
--------------------------------------------------------------------------------
Block #114
Seq_id	Strand	Start	End	Length
1	+	4202032	4232561	30530
2	+	1462984	1493454	30471
3	+	1193011	1223502	30492
4	+	1179387	1209911	30525
5	-	1104848	1074218	30631
6	+	1280016	1310545	30530
7	+	1271308	1301832	30525
8	-	1480418	1449875	30544
9	-	3356769	3326539	30231
10	-	3225818	3195360	30459
11	-	2913551	2883065	30487
12	+	1329213	1359755	30543
13	-	3230432	3200379	30054
--------------------------------------------------------------------------------
Block #115
Seq_id	Strand	Start	End	Length
1	-	2134756	2112997	21760
2	+	3662978	3684433	21456
3	+	3058697	3080424	21728
4	+	3417623	3439367	21745
5	-	731098	709339	21760
6	+	3627211	3648970	21760
7	+	3619999	3641761	21763
8	+	3603896	3625654	21759
9	-	1051352	1029593	21760
10	-	980329	958570	21760
11	+	3278996	3300771	21776
12	+	3677698	3699457	21760
13	+	3590918	3612667	21750
--------------------------------------------------------------------------------
Block #116
Seq_id	Strand	Start	End	Length
1	-	515602	491008	24595
2	-	3078599	3054189	24411
3	-	3974850	3950256	24595
4	+	3923774	3948369	24596
5	-	4139462	4114869	24594
6	+	588247	612842	24596
7	+	583896	608501	24606
8	+	586071	610690	24620
9	-	4032291	4007697	24595
10	+	505531	530126	24596
11	-	3513147	3488267	24881
12	+	642041	666361	24321
13	-	3820863	3795964	24900
--------------------------------------------------------------------------------
Block #117
Seq_id	Strand	Start	End	Length
1	+	2781188	2791617	10430
2	-	3767518	3757144	10375
3	-	2670350	2659903	10448
4	+	3091755	3102202	10448
5	-	2728913	2718448	10466
6	-	2981248	2970819	10430
7	+	3028618	3039048	10431
8	-	2962810	2952381	10430
9	-	1377571	1367108	10464
10	-	1307463	1297033	10431
11	+	1813845	1824258	10414
12	-	3037831	3027402	10430
13	-	1272881	1262666	10216
--------------------------------------------------------------------------------
Block #118
Seq_id	Strand	Start	End	Length
1	+	4441540	4478591	37052
2	+	3621175	3658130	36956
3	-	634240	596493	37748
4	-	1118833	1081232	37602
5	+	3085594	3122630	37037
6	-	1217504	1180452	37053
7	-	1208793	1171757	37037
8	-	1597645	1560607	37039
9	+	3417304	3454340	37037
10	+	3286371	3323991	37621
11	+	1839066	1876103	37038
12	-	1266663	1229611	37053
13	-	1247836	1210781	37056
--------------------------------------------------------------------------------
Block #119
Seq_id	Strand	Start	End	Length
1	-	1623067	1591680	31388
2	+	4146292	4177697	31406
3	-	56117	24700	31418
4	-	54151	22737	31415
5	+	3399170	3430589	31420
6	+	4138538	4169925	31388
7	+	4125384	4156776	31393
8	+	4111474	4142866	31393
9	-	53722	22488	31235
10	-	54154	22737	31418
11	-	214750	183335	31416
12	+	4185300	4216717	31418
13	-	365881	334647	31235
--------------------------------------------------------------------------------
Block #120
Seq_id	Strand	Start	End	Length
1	-	3534284	3526072	8213
2	+	2153440	2161652	8213
3	+	1409808	1418020	8213
4	-	2310227	2302021	8207
5	-	1662508	1654296	8213
6	+	2126729	2134941	8213
7	+	2126298	2134509	8212
8	-	2411605	2403392	8214
9	-	2690063	2681857	8207
10	-	2525208	2517002	8207
11	-	1409470	1401258	8213
12	-	2383299	2375087	8213
13	-	2502612	2494399	8214
--------------------------------------------------------------------------------
Block #121
Seq_id	Strand	Start	End	Length
1	-	3357548	3321820	35729
2	-	2487632	2451879	35754
3	+	1676645	1712404	35760
4	-	2137220	2101462	35759
5	+	2153810	2189583	35774
6	+	2404684	2440442	35759
7	+	2401585	2437345	35761
8	-	2136428	2100654	35775
9	-	2415509	2379765	35745
10	+	1813297	1849056	35760
11	-	1131443	1095800	35644
12	-	2208820	2172755	36066
13	-	2311471	2275768	35704
--------------------------------------------------------------------------------
Block #122
Seq_id	Strand	Start	End	Length
1	+	1549889	1565161	15273
2	+	2932016	2947307	15292
3	-	4069055	4053783	15273
4	+	467185	482457	15273
5	-	3471935	3456948	14988
6	-	4211963	4196691	15273
7	-	4198818	4183544	15275
8	-	4184844	4169572	15273
9	+	533752	549024	15273
10	+	261735	277008	15274
11	-	4315781	4300794	14988
12	-	4258757	4243485	15273
13	-	4360379	4345107	15273
--------------------------------------------------------------------------------
Block #123
Seq_id	Strand	Start	End	Length
1	+	73159	84903	11745
2	+	3552470	3564214	11745
3	+	386027	397771	11745
4	+	877173	888926	11754
5	+	3988472	4000217	11746
6	-	1032115	1020371	11745
7	+	965887	977631	11745
8	+	967862	979606	11745
9	-	3660193	3648440	11754
10	-	3528020	3516267	11754
11	+	650365	662109	11745
12	+	1023742	1035486	11745
13	+	1009789	1021517	11729
--------------------------------------------------------------------------------
Block #124
Seq_id	Strand	Start	End	Length
1	-	4511161	4497234	13928
2	-	3433023	3419101	13923
3	+	561969	575891	13923
4	+	1048540	1062462	13923
5	+	3191874	3205783	13910
6	+	1147883	1161810	13928
7	+	1139187	1153115	13929
8	+	1528040	1541967	13928
9	-	3488864	3474942	13923
10	-	3356683	3342761	13923
11	-	1910740	1896818	13923
12	+	1197042	1210969	13928
13	+	1178666	1192603	13938
--------------------------------------------------------------------------------
Block #125
Seq_id	Strand	Start	End	Length
1	+	4091868	4153254	61387
2	+	2018569	2080962	62394
3	+	767790	831208	63419
4	-	2710100	2648724	61377
5	-	1318051	1256661	61391
6	+	1557995	1619372	61378
7	+	1569492	1630885	61394
8	-	1204304	1142900	61405
9	-	3089744	3028321	61424
10	-	2925746	2864386	61361
11	-	2636075	2574867	61209
12	+	1627415	1688819	61405
13	-	2941157	2881001	60157
--------------------------------------------------------------------------------
Block #126
Seq_id	Strand	Start	End	Length
1	-	3076277	3016908	59370
2	+	2697298	2760054	62757
3	+	1947558	2006908	59351
4	+	1987790	2047159	59370
5	+	2422667	2482054	59388
6	+	2686156	2745525	59370
7	-	1882332	1822963	59370
8	+	1898401	1958480	60080
9	-	2148103	2088733	59371
10	+	2084788	2143979	59192
11	-	857385	798048	59338
12	-	1940240	1880871	59370
13	-	2028300	1970495	57806
--------------------------------------------------------------------------------
Block #127
Seq_id	Strand	Start	End	Length
1	+	3760528	3813097	52570
2	+	2957746	3010300	52555
3	+	2083845	2138403	54559
4	-	1734994	1682332	52663
5	-	1994840	1942215	52626
6	-	1898558	1845974	52585
7	+	2656738	2709336	52599
8	+	2638584	2691191	52608
9	-	2013874	1961283	52592
10	+	2220211	2272810	52600
11	+	2011381	2064186	52806
12	+	2609595	2662195	52601
13	-	1906252	1853682	52571
--------------------------------------------------------------------------------
Block #128
Seq_id	Strand	Start	End	Length
1	+	3295796	3310241	14446
2	+	2253489	2267917	14429
3	-	1738560	1724114	14447
4	-	1781734	1767287	14448
5	-	2212466	2198020	14447
6	-	2466598	2452152	14447
7	-	2463499	2449054	14446
8	+	2074498	2088944	14447
9	-	2242833	2228387	14447
10	-	1875221	1860775	14447
11	+	1070272	1084717	14446
12	+	2146906	2161352	14447
13	+	2252304	2266788	14485
--------------------------------------------------------------------------------
Block #129
Seq_id	Strand	Start	End	Length
1	+	1360671	1367142	6472
2	+	118901	125372	6472
3	+	126840	133311	6472
4	+	280044	286515	6472
5	+	3491753	3498224	6472
6	-	4399145	4392674	6472
7	-	4385973	4379502	6472
8	-	4372107	4365637	6471
9	+	346543	353014	6472
10	+	74605	81076	6472
11	-	4053897	4047426	6472
12	-	4445536	4439065	6472
13	+	150394	156865	6472
--------------------------------------------------------------------------------
Block #130
Seq_id	Strand	Start	End	Length
1	+	2597953	2617135	19183
2	-	3855554	3836595	18960
3	+	2635859	2655043	19185
4	+	3003360	3022543	19184
5	-	2820573	2801389	19185
6	+	3252997	3272181	19185
7	+	2938226	2957410	19185
8	-	3053182	3033997	19186
9	-	1465949	1446765	19185
10	-	1395850	1376666	19185
11	+	2554549	2573747	19199
12	-	3128208	3109023	19186
13	-	1360552	1342220	18333
--------------------------------------------------------------------------------
Block #131
Seq_id	Strand	Start	End	Length
1	-	2778844	2713474	65371
2	+	3768539	3833694	65156
3	+	2672694	2737978	65285
4	-	3090734	3025444	65291
5	+	2731231	2796529	65299
6	+	2983592	3048934	65343
7	-	3027597	2962271	65327
8	+	2963832	3029137	65306
9	+	1378592	1443864	65273
10	+	1308484	1373765	65282
11	-	1812824	1747605	65220
12	+	3038852	3104163	65312
13	+	1273926	1340024	66099
--------------------------------------------------------------------------------
Block #132
Seq_id	Strand	Start	End	Length
1	+	2328947	2334141	5195
6	-	3433119	3427925	5195
7	-	3430487	3425293	5195
8	-	3412477	3407284	5194
12	-	3487523	3482329	5195
--------------------------------------------------------------------------------
Block #133
Seq_id	Strand	Start	End	Length
1	-	1641795	1625166	16630
3	-	3804492	3787863	16630
4	+	4276613	4293241	16629
5	+	4488485	4505114	16630
6	-	4017627	4000998	16630
7	-	3909668	3893039	16630
8	+	4092747	4109375	16629
9	+	285678	302306	16629
10	+	4072499	4089128	16630
11	-	233469	216849	16621
12	-	3969554	3952925	16630
13	-	383069	366536	16534
--------------------------------------------------------------------------------
Block #134
Seq_id	Strand	Start	End	Length
1	-	3606503	3590102	16402
3	+	1335650	1352030	16381
4	-	2382498	2366098	16401
5	-	1734790	1718410	16381
6	+	2054542	2070943	16402
7	+	2054052	2070453	16402
8	-	2484562	2468161	16402
9	-	2762317	2745916	16402
10	-	2597444	2581043	16402
11	-	1481645	1465244	16402
12	-	2455555	2439153	16403
13	-	2618123	2601827	16297
--------------------------------------------------------------------------------
Block #135
Seq_id	Strand	Start	End	Length
1	+	1651868	1657282	5415
3	+	3814565	3819979	5415
4	-	4266538	4261124	5415
5	-	4478412	4473001	5412
6	+	4027700	4033114	5415
7	+	3919741	3925155	5415
8	-	4082674	4077260	5415
9	-	275606	270192	5415
10	-	4062426	4057012	5415
11	+	243530	248944	5415
12	+	3979627	3985041	5415
13	+	398897	404347	5451
--------------------------------------------------------------------------------
Block #136
Seq_id	Strand	Start	End	Length
1	+	1217879	1230914	13036
2	-	4439165	4426130	13036
3	-	4637016	4622022	14995
4	-	4420290	4407255	13036
5	-	3800722	3787687	13036
6	-	4541936	4528901	13036
7	-	4528847	4515812	13036
8	-	4514987	4501952	13036
9	-	4488723	4475688	13036
10	-	4217426	4204391	13036
11	-	4334487	4321452	13036
13	-	4619824	4606873	12952
--------------------------------------------------------------------------------
Block #137
Seq_id	Strand	Start	End	Length
1	+	3621244	3628704	7461
3	-	1320909	1313448	7462
4	+	2397239	2404699	7461
5	+	1749245	1756705	7461
6	-	2039801	2032341	7461
7	-	2039168	2031709	7460
8	+	2499304	2506764	7461
9	+	2776915	2784375	7461
10	+	2612185	2619645	7461
11	+	1495814	1503274	7461
12	+	2470296	2477756	7461
13	+	2632459	2639688	7230
--------------------------------------------------------------------------------
Block #138
Seq_id	Strand	Start	End	Length
1	-	703309	694933	8377
2	+	1290537	1298913	8377
3	-	4389560	4381184	8377
4	-	4081463	4073087	8377
5	-	4322383	4314001	8383
6	+	402505	410881	8377
7	+	398157	406533	8377
8	+	400357	408733	8377
9	-	4218085	4209709	8377
10	+	321713	330089	8377
11	-	3696498	3688122	8377
12	+	456005	464381	8377
--------------------------------------------------------------------------------
Block #139
Seq_id	Strand	Start	End	Length
1	+	4194997	4200078	5082
2	+	1457844	1462983	5140
3	+	689717	694798	5082
4	+	1174311	1179386	5076
5	-	1109887	1104849	5039
6	+	1272981	1278062	5082
7	+	1264271	1269355	5085
9	-	3361845	3356770	5076
10	-	3230894	3225819	5076
11	-	2918731	2913552	5180
12	+	1322215	1327259	5045
13	-	3235587	3230433	5155
--------------------------------------------------------------------------------
Block #140
Seq_id	Strand	Start	End	Length
1	+	1660140	1668609	8470
3	+	4071010	4079494	8485
4	-	4258266	4249797	8470
5	-	4468820	4460350	8471
6	+	4035972	4044441	8470
7	+	3928013	3936497	8485
8	-	4074402	4065918	8485
9	-	267334	258850	8485
10	-	4054154	4045670	8485
11	+	251802	260286	8485
12	+	3987899	3996383	8485
13	+	407128	415646	8519
--------------------------------------------------------------------------------
Block #141
Seq_id	Strand	Start	End	Length
1	+	4156456	4166761	10306
2	+	1418592	1428897	10306
3	+	651176	661481	10306
4	+	1135770	1146075	10306
5	-	1148489	1138184	10306
6	+	1234441	1244745	10305
7	+	1225730	1236035	10306
8	-	1525881	1515576	10306
9	-	3400385	3390081	10305
10	-	3269434	3259129	10306
11	-	2958019	2947715	10305
12	+	1283637	1293942	10306
--------------------------------------------------------------------------------
Block #142
Seq_id	Strand	Start	End	Length
1	-	1736349	1730022	6328
2	+	1220375	1226701	6327
3	-	4147231	4140904	6328
4	+	4182057	4188383	6327
5	+	4392858	4399184	6327
6	-	4112181	4105854	6328
7	-	4004237	3997910	6328
8	+	3998178	4004504	6327
9	+	191110	197436	6327
10	+	3977921	3984247	6327
11	-	328004	321677	6328
12	-	4064123	4057796	6328
--------------------------------------------------------------------------------
Block #143
Seq_id	Strand	Start	End	Length
1	-	1212137	1195711	16427
2	+	4444859	4461245	16387
3	+	4642854	4659280	16427
4	+	4425984	4442391	16408
5	+	3806432	3822858	16427
6	+	4547622	4564048	16427
7	+	4534613	4551039	16427
8	+	4520849	4537274	16426
9	+	4494409	4510835	16427
10	+	4223208	4239627	16420
11	+	4340173	4356594	16422
13	+	4620778	4637171	16394
--------------------------------------------------------------------------------
Block #144
Seq_id	Strand	Start	End	Length
1	+	4513116	4550138	37023
3	-	3738764	3701030	37735
4	+	508013	545037	37025
5	-	3861625	3824300	37326
6	-	1145928	1108906	37023
7	+	857054	894076	37023
8	+	859162	896186	37025
9	-	3774003	3737008	36996
10	+	3656693	3693725	37033
12	-	899842	862821	37022
13	-	813030	773344	39687
--------------------------------------------------------------------------------
Block #145
Seq_id	Strand	Start	End	Length
1	-	294054	248349	45706
3	-	3786405	3740717	45689
4	-	800348	750513	49836
5	-	3911782	3861630	50153
6	+	811226	856932	45707
7	+	804995	855101	50107
8	+	807121	857209	50089
9	-	3825817	3775956	49862
10	+	3604878	3654740	49863
12	-	951927	901795	50133
13	-	866571	813031	53541
--------------------------------------------------------------------------------
Block #146
Seq_id	Strand	Start	End	Length
1	-	3371735	3358983	12753
2	-	2501804	2489067	12738
3	+	1662458	1675210	12753
4	-	2150823	2138655	12169
6	+	2390497	2403249	12753
7	+	2387398	2400150	12753
8	-	2150615	2137863	12753
9	-	2429112	2416944	12169
10	+	1799110	1811862	12753
11	-	1144317	1131555	12763
12	-	2223007	2210255	12753
--------------------------------------------------------------------------------
Block #147
Seq_id	Strand	Start	End	Length
1	+	4232562	4243385	10824
3	+	1223503	1234604	11102
4	+	1209912	1221012	11101
5	-	1074217	1063116	11102
6	+	1310546	1321342	10797
7	+	1301833	1312934	11102
8	-	1449874	1439052	10823
10	-	3195329	3184228	11102
11	-	2883064	2872241	10824
12	+	1359756	1370857	11102
13	-	3200289	3189972	10318
--------------------------------------------------------------------------------
Block #148
Seq_id	Strand	Start	End	Length
1	+	3371736	3382976	11241
2	-	2297442	2286798	10645
3	-	1662457	1651216	11242
4	+	2150824	2161938	11115
6	-	2390496	2379256	11241
7	-	2387397	2376157	11241
8	+	2150616	2161856	11241
9	+	2429113	2440227	11115
10	-	1799109	1787868	11242
11	+	1144754	1156282	11529
12	+	2223008	2234248	11241
--------------------------------------------------------------------------------
Block #149
Seq_id	Strand	Start	End	Length
1	-	3392238	3386576	5663
2	+	2277877	2283198	5322
4	-	2171198	2165538	5661
6	+	2369994	2375656	5663
7	+	2366895	2372557	5663
8	-	2171117	2165455	5663
9	-	2449489	2443827	5663
10	+	1778606	1784268	5663
11	-	1164221	1158559	5663
12	-	2243510	2237848	5663
--------------------------------------------------------------------------------
Block #150
Seq_id	Strand	Start	End	Length
2	+	2631769	2641561	9793
3	-	1521294	1511482	9813
5	-	1894344	1884533	9812
6	-	2236266	2226447	9820
7	-	2235840	2226015	9826
8	+	2302047	2311888	9842
9	+	2580540	2590351	9812
11	+	1298640	1308459	9820
13	+	2429235	2439045	9811
--------------------------------------------------------------------------------
Block #151
Seq_id	Strand	Start	End	Length
2	+	2198614	2246627	48014
3	+	1454982	1506434	51453
5	+	1828647	1878162	49516
6	+	2171903	2221399	49497
7	+	2171471	2220967	49497
8	-	2366430	2316933	49498
9	-	2644895	2595399	49497
11	-	1362973	1313484	49490
13	-	2493793	2444111	49683
--------------------------------------------------------------------------------
Block #152
Seq_id	Strand	Start	End	Length
1	-	305605	295493	10113
2	-	221867	211881	9987
3	-	3393153	3383152	10002
5	+	3387049	3397090	10042
6	+	799687	809787	10101
7	+	793467	803555	10089
8	+	795625	805682	10058
12	+	851287	861380	10094
13	+	763680	773343	9664
--------------------------------------------------------------------------------
Block #153
Seq_id	Strand	Start	End	Length
2	+	2163628	2198496	34869
3	+	1419996	1454864	34869
5	+	1793661	1828529	34869
6	+	2136917	2171785	34869
7	+	2136485	2171353	34869
8	-	2401417	2366548	34870
9	-	2679881	2645013	34869
11	-	1399282	1364414	34869
--------------------------------------------------------------------------------
Block #154
Seq_id	Strand	Start	End	Length
3	-	1250098	1234605	15494
4	-	1236506	1221013	15494
5	+	1047622	1063115	15494
7	-	1328428	1312935	15494
10	+	3168734	3184227	15494
12	-	1386351	1370858	15494
13	+	3174835	3189874	15040
--------------------------------------------------------------------------------
Block #155
Seq_id	Strand	Start	End	Length
2	+	3542285	3549538	7254
11	+	3268349	3275726	7378
13	+	3582539	3589596	7058
--------------------------------------------------------------------------------
Block #156
Seq_id	Strand	Start	End	Length
1	-	3208733	3199001	9733
6	+	2553679	2563411	9733
--------------------------------------------------------------------------------
