Seq_id	Size	Description
1	4553770	gi|384137007|ref|NC_017168.1|
2	4504254	gi|162418099|ref|NC_010159.1|
3	4702289	gi|108777911|gb|CP000308.1|
4	4532063	gi|384412706|ref|NC_017265.1|
5	4595065	gi|45439865|ref|NC_005810.1|
6	4653728	gi|30407161|emb|AL590842.1|
7	4640720	gi|384120592|ref|NC_017154.1|
8	4626944	gi|384124469|ref|NC_017160.1|
9	4600755	gi|22123922|ref|NC_004088.1|
10	4534590	gi|108773814|gb|CP000305.1|
11	4517345	gi|145597324|ref|NC_009381.1|
12	4553586	gi|294352569|gb|CP001593.1|
--------------------------------------------------------------------------------
Block #1
Seq_id	Strand	Start	End	Length
1	-	4441539	4436422	5118
1	+	1370084	1375201	5118
1	-	1093740	1088650	5091
1	+	2107819	2112996	5178
1	+	1581420	1586498	5079
1	+	1538556	1543733	5178
2	+	12276	17393	5118
2	+	128314	133491	5178
2	-	3689551	3684463	5089
2	-	3621174	3616057	5118
2	+	1992092	1997209	5118
2	+	631519	636696	5178
2	+	488129	493306	5178
3	-	4037524	4032344	5181
3	-	3947580	3942489	5092
3	-	3834183	3828997	5187
3	-	3085602	3080425	5178
3	+	14253	19370	5118
3	+	634241	639357	5117
3	+	136253	141370	5118
4	+	498716	503893	5178
4	-	4110616	4105526	5091
4	-	3444545	3439368	5178
4	+	455852	461029	5178
4	+	289457	294574	5118
4	+	12291	17408	5118
4	+	1118834	1123951	5118
5	+	704161	709338	5178
5	-	3085593	3080476	5118
5	+	12057	17146	5090
5	-	3441096	3435919	5178
5	-	3506285	3501168	5118
5	-	3670718	3665541	5178
5	+	245028	250205	5178
6	+	12292	17381	5090
6	-	4180432	4175255	5178
6	+	1217505	1222622	5118
6	-	4223296	4218119	5178
6	-	4389733	4384616	5118
6	-	3654148	3648971	5178
7	-	4210091	4204974	5118
7	+	12291	17380	5090
7	-	4167283	4162106	5178
7	-	4376560	4371443	5118
7	-	3646879	3641762	5118
7	+	1208794	1213911	5118
8	-	4362695	4357518	5178
8	-	4196177	4191000	5178
8	+	1597646	1602763	5118
8	-	4153312	4148196	5117
8	+	12292	17441	5150
8	-	3630833	3625655	5179
9	+	12042	17159	5118
9	-	3417303	3412186	5118
9	-	4246531	4241441	5091
9	+	1024415	1029592	5178
9	+	355956	361073	5118
9	+	522419	527596	5178
9	+	565283	570400	5118
10	+	84018	89135	5118
10	+	250402	255579	5178
10	+	293267	298356	5090
10	+	12291	17408	5118
10	+	953392	958569	5178
10	-	3286370	3281253	5118
10	-	3906472	3901355	5118
11	-	1839065	1833948	5118
11	-	3305889	3300772	5118
11	-	3881966	3876789	5178
11	-	4044484	4039367	5118
11	-	4284954	4279837	5118
11	-	4471104	4466014	5091
11	+	172828	178005	5178
12	-	4436123	4431006	5118
12	-	4270090	4264913	5178
12	-	4227224	4222047	5178
12	+	12291	17408	5118
12	+	1266664	1271781	5118
12	-	3704575	3699458	5118
--------------------------------------------------------------------------------
Block #2
Seq_id	Strand	Start	End	Length
1	-	3754610	3752541	2070
1	+	791629	793698	2070
1	+	277815	279865	2051
2	+	3731134	3733203	2070
2	-	684574	682505	2070
3	-	2077946	2075877	2070
3	+	3770142	3772192	2051
3	+	4479372	4481441	2070
4	+	1740912	1742981	2070
4	+	784330	786398	2069
4	+	779922	781972	2051
4	+	682765	684834	2070
5	+	3891100	3893150	2051
5	+	3895508	3897576	2069
5	+	2002081	2004150	2070
5	-	495177	493108	2070
6	+	1904476	1906545	2070
6	-	314185	312116	2070
6	-	827464	825415	2050
7	-	825659	823610	2050
7	-	310523	308454	2070
7	-	2650820	2648751	2070
7	-	821251	819185	2067
8	-	312559	310490	2070
8	-	823379	821312	2068
8	-	2632666	2630597	2070
8	-	827787	825738	2050
9	+	3809798	3811866	2069
9	+	3805390	3807440	2051
9	+	2019793	2021862	2070
9	-	640305	638236	2070
10	-	3620895	3618828	2068
10	-	2214293	2212224	2070
10	-	3625304	3623254	2051
10	+	3831440	3833509	2070
11	+	4209901	4211969	2069
11	-	2005463	2003394	2070
12	-	310529	308460	2070
12	+	931262	933312	2051
12	-	2603677	2601608	2070
12	+	935670	937738	2069
--------------------------------------------------------------------------------
Block #3
Seq_id	Strand	Start	End	Length
1	+	22568	30497	7930
1	-	3998966	3991067	7900
2	+	3139677	3147576	7900
2	-	184400	176471	7930
3	+	873969	881868	7900
3	+	335435	343364	7930
4	-	2607928	2600029	7900
4	+	826536	834465	7930
5	+	3936538	3944467	7930
5	+	1489010	1496909	7900
6	-	1082706	1074777	7930
6	+	1660105	1668004	7900
7	+	1671688	1679617	7930
7	+	920272	928170	7899
8	+	1652183	1660113	7931
8	+	922381	930280	7900
9	-	3710813	3702884	7930
9	-	2987527	2979631	7897
10	-	2823591	2815692	7900
10	-	3578690	3570760	7931
11	-	1704860	1696961	7900
11	+	604724	612653	7930
12	+	978126	986025	7900
12	+	1729615	1737544	7930
--------------------------------------------------------------------------------
Block #4
Seq_id	Strand	Start	End	Length
1	+	19472	22567	3096
1	-	4002068	3998967	3102
2	-	187496	184401	3096
3	+	870867	873968	3102
3	+	332339	335434	3096
4	+	823440	826535	3096
4	-	2611024	2607929	3096
5	+	1485914	1489009	3096
5	+	3933436	3936537	3102
6	+	1657003	1660104	3102
6	-	1085802	1082707	3096
7	+	1668586	1671687	3102
7	+	917176	920271	3096
8	+	1649081	1652182	3102
8	+	919285	922380	3096
9	-	2990623	2987528	3096
9	-	3713909	3710814	3096
10	-	2826687	2823592	3096
10	-	3581786	3578691	3096
11	-	1707962	1704861	3102
11	+	601622	604723	3102
12	+	975024	978125	3102
12	+	1726519	1729614	3096
--------------------------------------------------------------------------------
Block #5
Seq_id	Strand	Start	End	Length
1	+	1641322	1643548	2227
1	+	1650321	1652367	2047
3	+	3804019	3806245	2227
3	+	3813018	3815064	2047
4	-	4277086	4274860	2227
4	-	4268085	4266039	2047
5	-	4479959	4477913	2047
5	-	4488958	4486732	2227
6	+	4017154	4019380	2227
6	+	4026153	4028199	2047
7	+	3909195	3911421	2227
7	+	3918194	3920240	2047
8	-	4084221	4082175	2047
8	-	4093220	4090994	2227
9	-	286151	283925	2227
9	-	277152	275107	2046
10	-	4072972	4070746	2227
10	-	4063973	4061927	2047
11	+	232996	235210	2215
11	+	241983	244029	2047
12	+	3969081	3971307	2227
12	+	3978080	3980126	2047
--------------------------------------------------------------------------------
Block #6
Seq_id	Strand	Start	End	Length
1	-	1341964	1339783	2182
3	+	4216230	4218485	2256
12	-	2884759	2882504	2256
--------------------------------------------------------------------------------
Block #7
Seq_id	Strand	Start	End	Length
1	+	1191057	1194553	3497
2	-	3991089	3987704	3386
3	+	3378499	3381995	3497
4	-	4447045	4443549	3497
5	-	4509786	4506290	3497
6	-	4568702	4565206	3497
7	-	4555693	4552197	3497
8	-	4541928	4538432	3497
9	-	4515489	4512009	3481
10	-	4244281	4240785	3497
11	+	52385	55881	3497
12	-	4468561	4465065	3497
--------------------------------------------------------------------------------
Block #8
Seq_id	Strand	Start	End	Length
1	-	134153	97525	36629
2	-	4090473	4053886	36588
3	-	447731	411098	36634
4	-	936215	899589	36627
5	+	4076062	4112707	36646
6	+	971121	1007749	36629
7	-	1024921	988293	36629
8	-	1026896	990269	36628
9	+	3601153	3637757	36605
10	+	3468976	3505604	36629
11	-	710127	672772	37356
12	-	1082777	1046149	36629
--------------------------------------------------------------------------------
Block #9
Seq_id	Strand	Start	End	Length
1	-	2090068	2004023	86046
2	+	904324	990844	86521
3	-	3178390	3096638	81753
4	+	3462295	3545866	83572
5	-	417470	335916	81555
6	+	3671899	3755282	83384
7	+	3662672	3746102	83431
8	+	3648584	3732139	83556
9	-	1006664	923268	83397
10	-	937600	852255	85346
11	-	3481003	3399479	81525
12	+	3722326	3805898	83573
--------------------------------------------------------------------------------
Block #10
Seq_id	Strand	Start	End	Length
1	+	2910965	2934145	23181
2	-	1863559	1840342	23218
3	-	2278521	2255341	23181
4	+	1541781	1564960	23180
5	-	2615550	2592358	23193
6	-	2851471	2828291	23181
7	+	3158500	3181681	23182
8	+	2758109	2781291	23183
9	+	1820698	1843907	23210
10	-	2413255	2390075	23181
11	-	2201700	2178496	23205
12	-	2908098	2884918	23181
--------------------------------------------------------------------------------
Block #11
Seq_id	Strand	Start	End	Length
1	+	1668610	1758927	90318
2	-	1289405	1197780	91626
3	+	4079495	4169801	90307
4	-	4249796	4159476	90321
5	-	4460349	4370263	90087
6	+	4044442	4134759	90318
7	+	3936498	4026817	90320
8	-	4065917	3975599	90319
9	-	258849	168529	90321
10	-	4045669	3955332	90338
11	+	260287	350577	90291
12	+	3996384	4086703	90320
--------------------------------------------------------------------------------
Block #12
Seq_id	Strand	Start	End	Length
1	+	793699	831357	37659
2	-	682504	644153	38352
3	+	4481442	4519100	37659
4	+	684835	722493	37659
5	-	493107	453480	39628
6	-	312115	273746	38370
7	-	308453	270794	37660
8	-	310489	272831	37659
9	-	638235	600577	37659
10	+	3833510	3871168	37659
11	+	4211970	4249638	37669
12	-	308459	270801	37659
--------------------------------------------------------------------------------
Block #13
Seq_id	Strand	Start	End	Length
1	-	3752540	3729718	22823
2	+	3733204	3756011	22808
3	-	2075876	2052899	22978
4	+	1742982	1765828	22847
5	+	2004151	2027382	23232
6	+	1906546	1929368	22823
7	-	2648750	2625920	22831
8	-	2630596	2607762	22835
9	+	2021863	2044709	22847
10	-	2212223	2189380	22844
11	-	2003393	1980566	22828
12	-	2601607	2578753	22855
--------------------------------------------------------------------------------
Block #14
Seq_id	Strand	Start	End	Length
1	+	1566202	1581419	15218
2	+	472911	488128	15218
3	-	4052742	4037525	15218
4	+	483498	498715	15218
5	-	3456333	3441097	15237
6	-	4195650	4180433	15218
7	-	4182503	4167284	15220
8	-	4168531	4153313	15219
9	+	550065	565282	15218
10	+	278049	293266	15218
11	-	4300178	4284955	15224
12	-	4242444	4227225	15220
--------------------------------------------------------------------------------
Block #15
Seq_id	Strand	Start	End	Length
1	-	443084	414579	28506
2	-	1105540	1075708	29833
3	-	3532674	3502840	29835
4	-	3825134	3795301	29834
5	+	3253598	3283429	29832
6	+	660766	690600	29835
7	+	656426	686261	29836
8	+	658613	688446	29834
9	-	3959773	3929939	29835
10	+	572300	602130	29831
11	+	442722	472567	29846
12	+	714285	744109	29825
--------------------------------------------------------------------------------
Block #16
Seq_id	Strand	Start	End	Length
1	+	2200823	2212932	12110
2	-	3610227	3597860	12368
3	-	2992822	2981147	11676
4	-	3352063	3340667	11397
5	+	795074	806490	11417
6	-	3561144	3549035	12110
7	-	3555891	3544493	11399
8	-	3537830	3526453	11378
9	+	1115338	1126735	11398
10	+	1042478	1054153	11676
11	-	3207364	3195990	11375
12	-	3613590	3601481	12110
--------------------------------------------------------------------------------
Block #17
Seq_id	Strand	Start	End	Length
1	-	1191056	1149462	41595
2	+	3991090	4032645	41556
3	-	3378498	3335152	43347
4	+	4447046	4488638	41593
5	+	4509787	4551362	41576
6	+	4568703	4610297	41595
7	+	4555694	4597287	41594
8	+	4541929	4583523	41595
9	+	4515490	4557083	41594
10	+	4244282	4285875	41594
11	-	51061	9469	41593
12	+	4468562	4510155	41594
--------------------------------------------------------------------------------
Block #18
Seq_id	Strand	Start	End	Length
1	+	3852074	3879976	27903
2	+	1731999	1759867	27869
3	-	1018928	991025	27904
4	+	2462980	2490883	27904
5	-	1632468	1604563	27906
6	-	1806997	1779095	27903
7	-	1821647	1793745	27903
8	+	1959796	1987699	27904
9	+	2842632	2870488	27857
10	+	2677935	2705837	27903
11	+	1559149	1587051	27903
12	-	1879555	1851653	27903
--------------------------------------------------------------------------------
Block #19
Seq_id	Strand	Start	End	Length
1	+	2974722	3016089	41368
2	-	1801749	1760686	41064
3	-	2219429	2176861	42569
4	+	1605468	1646537	41070
5	-	2557306	2516268	41039
6	-	2787714	2746344	41371
7	-	2787186	2745858	41329
8	+	2821857	2863172	41316
9	+	1884387	1925487	41101
10	-	2349567	2308605	40963
11	-	2139920	2098638	41283
12	-	2740036	2698715	41322
--------------------------------------------------------------------------------
Block #20
Seq_id	Strand	Start	End	Length
1	-	1079831	1066266	13566
2	+	26131	39826	13696
3	-	3933670	3919395	14276
4	-	4095986	4082424	13563
5	+	25996	39561	13566
6	+	26201	39766	13566
7	+	26199	39764	13566
8	+	26259	39824	13566
9	-	4232611	4219046	13566
10	+	307187	320752	13566
11	-	4457315	4444330	12986
12	+	26200	39765	13566
--------------------------------------------------------------------------------
Block #21
Seq_id	Strand	Start	End	Length
1	+	2149784	2200426	50643
2	-	3531092	3482674	48419
3	-	3043860	2993219	50642
4	-	3404554	3352460	52095
5	+	746135	794677	48543
6	-	3612182	3561541	50642
7	-	3604970	3556288	48683
8	-	3588867	3540185	48683
9	+	1066383	1114941	48559
10	+	993684	1042081	48398
11	-	3256153	3207761	48393
12	-	3662669	3613987	48683
--------------------------------------------------------------------------------
Block #22
Seq_id	Strand	Start	End	Length
1	+	1001253	1065304	64052
2	-	107164	40462	66703
3	+	3854381	3918433	64053
4	-	238937	174884	64054
5	-	106519	40523	65997
6	-	103840	40728	63113
7	-	104779	40726	64054
8	-	104840	40786	64055
9	+	56600	120648	64049
10	+	4309017	4373069	64053
11	+	4379304	4443368	64065
12	-	104779	40727	64053
--------------------------------------------------------------------------------
Block #23
Seq_id	Strand	Start	End	Length
1	-	2874657	2816243	58415
2	-	1954810	1896255	58556
3	-	2822842	2762587	60256
4	-	3185670	3126811	58860
5	-	1231129	1172593	58537
6	+	2887778	2946193	58416
7	-	3122162	3063640	58523
8	+	2869089	2927438	58350
9	+	1283686	1342325	58640
10	+	1213570	1272236	58667
11	-	3040836	2981836	59001
12	+	2944714	3002775	58062
--------------------------------------------------------------------------------
Block #24
Seq_id	Strand	Start	End	Length
1	+	2112997	2134756	21760
2	-	3684433	3662978	21456
3	-	3080424	3058697	21728
4	-	3439367	3417623	21745
5	+	709339	731098	21760
6	-	3648970	3627211	21760
7	-	3641761	3619999	21763
8	-	3625654	3603896	21759
9	+	1029593	1051352	21760
10	+	958570	980329	21760
11	-	3300771	3278996	21776
12	-	3699457	3677698	21760
--------------------------------------------------------------------------------
Block #25
Seq_id	Strand	Start	End	Length
1	+	3608914	3621243	12330
2	-	2093230	2081396	11835
3	-	1333239	1320910	12330
4	+	2384909	2397238	12330
5	+	1737201	1749244	12044
6	-	2052131	2039802	12330
7	-	2051498	2039169	12330
8	+	2486973	2499256	12284
9	+	2764585	2776914	12330
10	+	2599855	2612184	12330
11	+	1484012	1495813	11802
12	+	2457966	2470295	12330
--------------------------------------------------------------------------------
Block #26
Seq_id	Strand	Start	End	Length
1	+	2359885	2362288	2404
2	+	3337748	3340157	2410
3	-	2509163	2506760	2404
4	+	1311634	1314037	2404
5	-	2960703	2958300	2404
6	-	3402181	3399778	2404
7	-	3399547	3397144	2404
8	-	3381540	3379137	2404
9	+	1592472	1594875	2404
10	+	1522394	1524797	2404
11	-	2427799	2425402	2398
12	-	3456585	3454182	2404
--------------------------------------------------------------------------------
Block #27
Seq_id	Strand	Start	End	Length
1	-	2357419	2334143	23277
2	-	3335282	3311743	23540
3	+	2511629	2535184	23556
4	-	1309168	1285613	23556
5	+	2960704	2984248	23545
6	+	3404647	3427923	23277
7	+	3402013	3425291	23279
8	+	3384006	3407282	23277
9	-	1590006	1566451	23556
10	-	1519928	1496373	23556
11	+	2430265	2453821	23557
12	+	3459051	3482327	23277
--------------------------------------------------------------------------------
Block #28
Seq_id	Strand	Start	End	Length
1	+	3215506	3268760	53255
2	-	2382603	2329215	53389
3	-	1818848	1765586	53263
4	-	1862169	1808777	53393
5	-	2292794	2239492	53303
6	-	2546888	2493634	53255
7	-	2543806	2490542	53265
8	-	1767887	1714607	53281
9	-	2323276	2269894	53383
10	-	1956993	1902461	54533
11	+	989401	1042653	53253
12	+	2066599	2119863	53265
--------------------------------------------------------------------------------
Block #29
Seq_id	Strand	Start	End	Length
1	+	198820	220774	21955
2	-	3480601	3458650	21952
3	+	514346	536292	21947
4	+	1000908	1022854	21947
5	+	3142950	3164883	21934
6	-	906454	884508	21947
7	+	1089607	1111554	21948
8	+	1092278	1114226	21949
9	-	3536478	3514524	21955
10	-	3404316	3382370	21947
11	+	774796	796732	21937
12	+	1147463	1169409	21947
--------------------------------------------------------------------------------
Block #30
Seq_id	Strand	Start	End	Length
1	-	2485397	2476944	8454
2	-	3019824	3011392	8433
3	+	2381965	2390418	8454
4	-	1439171	1430718	8454
5	-	3069353	3060900	8454
6	+	3276545	3284998	8454
7	+	3273950	3282403	8454
8	+	3255875	3264328	8454
9	-	1718164	1709711	8454
10	-	1648086	1639633	8454
11	+	2302455	2310908	8454
12	+	3330914	3339367	8454
--------------------------------------------------------------------------------
Block #31
Seq_id	Strand	Start	End	Length
1	-	4037109	4032052	5058
2	+	2013297	2018354	5058
3	+	833710	838767	5058
4	-	2646223	2641166	5058
5	+	938064	943121	5058
6	+	1621874	1626931	5058
7	+	1633387	1638444	5058
8	+	1613883	1618940	5058
9	-	3025820	3020763	5058
10	-	2861885	2856828	5058
11	-	1743161	1738104	5058
12	+	1691321	1696378	5058
--------------------------------------------------------------------------------
Block #32
Seq_id	Strand	Start	End	Length
1	-	3728755	3686734	42022
2	-	2803631	2761130	42502
3	-	2051936	2007984	43953
4	-	2090238	2048235	42004
5	+	1898897	1940866	41970
6	+	1930331	1972352	42022
7	+	1931656	1973677	42022
8	-	2606799	2564793	42007
9	+	2045672	2087657	41986
10	-	2188417	2146378	42040
11	-	1979603	1937510	42094
12	-	2577790	2535786	42005
--------------------------------------------------------------------------------
Block #33
Seq_id	Strand	Start	End	Length
1	-	2970873	2949796	21078
2	+	1805604	1826678	21075
3	+	2223278	2244356	21079
4	-	1601619	1580611	21009
5	+	2557634	2578694	21061
6	+	2791563	2812640	21078
7	+	2791035	2812113	21079
8	-	2818008	2796942	21067
9	-	1880538	1859530	21009
10	+	2353416	2374424	21009
11	+	2143769	2164848	21080
12	+	2743885	2764963	21079
--------------------------------------------------------------------------------
Block #34
Seq_id	Strand	Start	End	Length
1	+	568928	583991	15064
2	+	777690	792157	14468
3	-	4613164	4598101	15064
4	-	3872410	3857347	15064
5	+	4190823	4205289	14467
6	-	534927	519864	15064
7	-	530572	515509	15064
8	-	532761	517698	15064
9	+	4083676	4098739	15064
10	-	454130	439067	15064
11	+	3565544	3579997	14454
12	-	588421	573358	15064
--------------------------------------------------------------------------------
Block #35
Seq_id	Strand	Start	End	Length
1	-	3151742	3131331	20412
2	-	2318053	2297661	20393
3	+	1874410	1894808	20399
4	+	1916987	1937416	20430
5	+	2349157	2369564	20408
6	+	2610684	2631095	20412
7	+	2598854	2619247	20394
8	+	1822919	1843348	20430
9	-	2216333	2195904	20430
10	+	2012816	2033245	20430
11	-	932894	912483	20412
12	-	2013764	1993335	20430
--------------------------------------------------------------------------------
Block #36
Seq_id	Strand	Start	End	Length
1	-	3131301	3126117	5185
2	-	2507998	2502812	5187
3	+	1894838	1900022	5185
4	+	1937446	1942630	5185
5	+	2369594	2374778	5185
6	+	2631125	2636309	5185
7	+	2619277	2624461	5185
8	+	1843378	1848562	5185
9	-	2195874	2190690	5185
10	+	2033275	2038459	5185
11	-	912453	907269	5185
12	-	1993305	1988121	5185
--------------------------------------------------------------------------------
Block #37
Seq_id	Strand	Start	End	Length
1	-	884746	859378	25369
2	+	603526	630928	27403
3	-	3605842	3580474	25369
4	+	148057	173425	25369
5	+	219069	244437	25369
6	+	220357	245725	25369
7	+	217358	242728	25371
8	+	219397	244765	25369
9	+	4441461	4466829	25369
10	-	4399896	4374528	25369
11	+	146868	172236	25369
12	+	217366	242734	25369
--------------------------------------------------------------------------------
Block #38
Seq_id	Strand	Start	End	Length
1	+	738478	780389	41912
2	+	727635	769628	41994
3	+	4424772	4468076	43305
4	+	630200	671525	41326
5	-	547776	506431	41346
6	-	367336	325425	41912
7	-	363137	321814	41324
8	-	365144	323820	41325
9	-	692898	651574	41325
10	+	3778883	3820172	41290
11	+	4157339	4198640	41302
12	-	420960	321811	99150
--------------------------------------------------------------------------------
Block #39
Seq_id	Strand	Start	End	Length
1	+	3312196	3314245	2050
2	+	2267913	2269959	2047
3	-	1722159	1720122	2038
4	+	2091697	2093743	2047
5	-	2198024	2195978	2047
6	-	2450197	2448160	2038
7	-	2447100	2445063	2038
8	+	2090899	2092936	2038
9	+	2369999	2372045	2047
10	-	1858820	1856774	2047
11	+	1084713	1086759	2047
12	+	2163307	2165344	2038
--------------------------------------------------------------------------------
Block #40
Seq_id	Strand	Start	End	Length
1	-	2816219	2806392	9828
2	+	346695	355998	9304
3	-	2762586	2752753	9834
4	-	3126810	3116977	9834
5	-	1172592	1163340	9253
6	+	2946194	2956044	9851
7	-	3063639	3053806	9834
8	+	2927439	2937605	10167
9	+	1342326	1352333	10008
10	+	1272237	1282257	10021
11	-	2981808	2972869	8940
12	+	3002776	3012627	9852
--------------------------------------------------------------------------------
Block #41
Seq_id	Strand	Start	End	Length
1	-	2909417	2879025	30393
2	+	1865107	1895480	30374
3	+	2280069	2310447	30379
4	-	1540233	1509818	30416
5	+	2617098	2647502	30405
6	+	2853019	2883411	30393
7	-	3156952	3126530	30423
8	-	2756561	2726162	30400
9	-	1819150	1788751	30400
10	+	2414803	2445225	30423
11	+	2203248	2233623	30376
12	+	2909646	2940053	30408
--------------------------------------------------------------------------------
Block #42
Seq_id	Strand	Start	End	Length
1	+	780390	787413	7024
2	-	1360485	1353462	7024
3	+	4468077	4475156	7080
4	+	671526	678556	7031
5	-	506430	499393	7038
6	-	325424	318401	7024
7	-	321813	314739	7075
8	-	323819	316775	7045
9	-	651573	644515	7059
10	+	3820173	3827224	7052
11	+	4198641	4205685	7045
12	-	321810	314745	7066
--------------------------------------------------------------------------------
Block #43
Seq_id	Strand	Start	End	Length
1	-	97524	91762	5763
2	-	4053885	4048117	5769
3	-	409129	403380	5750
4	-	899588	893826	5763
5	-	4010879	4005117	5763
6	+	1007750	1013512	5763
7	-	988292	982531	5762
8	-	990268	984506	5763
9	+	3637758	3643520	5763
10	+	3505605	3511367	5763
11	-	672771	667009	5763
12	-	1046148	1040386	5763
--------------------------------------------------------------------------------
Block #44
Seq_id	Strand	Start	End	Length
1	-	1147917	1139997	7921
2	+	4462369	4470289	7921
3	+	4660404	4668324	7921
4	+	4490183	4498103	7921
5	+	4552939	4560859	7921
6	+	4611842	4619762	7921
7	+	4598832	4606754	7923
8	+	4585060	4592979	7920
9	+	4558620	4566540	7921
10	+	4492864	4500624	7761
11	-	7924	1	7924
12	+	4511700	4519620	7921
--------------------------------------------------------------------------------
Block #45
Seq_id	Strand	Start	End	Length
1	-	645278	635287	9992
2	-	854753	844777	9977
3	-	4333490	4323501	9990
4	-	4025364	4015373	9992
5	-	4266488	4256493	9996
6	+	458577	468568	9992
7	+	454222	464213	9992
8	+	456412	466403	9992
9	-	4161981	4151989	9993
10	+	377786	387777	9992
11	-	3640377	3630473	9905
12	+	512070	522061	9992
--------------------------------------------------------------------------------
Block #46
Seq_id	Strand	Start	End	Length
1	-	857921	831358	26564
2	-	4204093	4177530	26564
3	-	4545664	4519101	26564
4	-	749058	722494	26565
5	+	426895	453479	26585
6	+	247182	273745	26564
7	+	244185	270793	26609
8	+	246221	272830	26610
9	+	574015	600576	26562
10	-	3897733	3871169	26565
11	-	4276222	4249639	26584
12	+	244191	270800	26610
--------------------------------------------------------------------------------
Block #47
Seq_id	Strand	Start	End	Length
1	+	308689	409510	100822
2	+	228026	326865	98840
3	+	3396237	3497771	101535
4	+	3692648	3792191	99544
5	-	3387167	3286540	100628
6	-	796603	695669	100935
7	-	790383	689371	101013
8	-	792541	691556	100986
9	+	3827287	3926829	99543
10	-	704818	605240	99579
11	-	576757	477636	99122
12	-	848203	747219	100985
--------------------------------------------------------------------------------
Block #48
Seq_id	Strand	Start	End	Length
1	+	12293	18935	6643
2	-	194669	188033	6637
3	+	325165	331802	6638
4	+	816271	822903	6633
5	+	3926261	3932899	6639
6	-	1092981	1086339	6643
7	+	910002	916639	6638
8	+	912111	918748	6638
9	-	3721083	3714446	6638
10	-	3588955	3582323	6633
11	+	594447	601085	6639
12	+	967850	974487	6638
--------------------------------------------------------------------------------
Block #49
Seq_id	Strand	Start	End	Length
1	-	3664104	3628205	35900
2	-	1712502	1674807	37696
3	+	1276097	1313947	37851
4	-	2440105	2404200	35906
5	-	1792202	1756206	35997
6	+	1996941	2032840	35900
7	+	1996309	2032208	35900
8	-	2542164	2506265	35900
9	-	2819774	2783876	35899
10	-	2655059	2619146	35914
11	-	1538790	1502775	36016
12	-	2513156	2477257	35900
--------------------------------------------------------------------------------
Block #50
Seq_id	Strand	Start	End	Length
1	-	3295800	3291725	4076
2	-	2251534	2247452	4083
3	+	1738556	1742638	4083
4	+	1781730	1785812	4083
5	+	2212462	2216544	4083
6	+	2466594	2470669	4076
7	+	2463495	2467576	4082
8	-	2074502	2070420	4083
9	+	2242829	2246911	4083
10	+	1875217	1879299	4083
11	-	1070276	1066194	4083
12	-	2146910	2142828	4083
--------------------------------------------------------------------------------
Block #51
Seq_id	Strand	Start	End	Length
1	+	3439130	3454124	14995
2	+	2552050	2566960	14911
3	-	1607156	1591980	15177
4	+	2218332	2233492	15161
5	-	2105250	2090122	15129
6	-	2322851	2307692	15160
7	-	2319779	2304613	15167
8	+	2218156	2233316	15161
9	+	2496637	2511828	15192
10	-	1731475	1716308	15168
11	+	1211206	1226341	15136
12	+	2290657	2305816	15160
--------------------------------------------------------------------------------
Block #52
Seq_id	Strand	Start	End	Length
1	-	2475717	2362289	113429
2	+	2817613	2930054	112442
3	+	2391645	2506759	115115
4	-	1429491	1314038	115454
5	+	2845598	2958299	112702
6	+	3286225	3399777	113553
7	+	3283630	3397143	113514
8	+	3265555	3379136	113582
9	-	1708484	1594876	113609
10	-	1638407	1524798	113610
11	+	2312135	2425401	113267
12	+	3340594	3454181	113588
--------------------------------------------------------------------------------
Block #53
Seq_id	Strand	Start	End	Length
1	+	36546	39204	2659
2	-	175368	172709	2660
3	+	349432	352090	2659
4	+	840563	843221	2659
5	+	3950546	3953204	2659
6	-	1068728	1066069	2660
7	+	929273	931931	2659
8	+	1661216	1663874	2659
9	-	3696806	3694147	2660
10	-	3564632	3561973	2660
11	+	613756	616414	2659
12	+	987128	989786	2659
--------------------------------------------------------------------------------
Block #54
Seq_id	Strand	Start	End	Length
1	-	568927	560862	8066
2	-	777689	769632	8058
3	-	4028224	4020168	8057
4	+	3872411	3880476	8066
5	-	4190822	4182757	8066
6	+	534928	542993	8066
7	+	530573	538638	8066
8	+	532762	540827	8066
9	-	4083675	4075610	8066
10	+	454131	462196	8066
11	-	3565543	3557478	8066
12	+	588422	596487	8066
--------------------------------------------------------------------------------
Block #55
Seq_id	Strand	Start	End	Length
1	-	2643852	2621500	22353
2	+	1955489	1977849	22361
3	+	2824844	2847196	22353
4	+	3186770	3209124	22355
5	+	1231808	1254159	22352
6	+	3118572	3140924	22353
7	-	3205651	3183299	22353
8	-	3187596	3165245	22352
9	-	1282586	1260234	22353
10	-	1212470	1190118	22353
11	+	3041515	3063809	22295
12	-	3262635	3240282	22354
--------------------------------------------------------------------------------
Block #56
Seq_id	Strand	Start	End	Length
1	+	1375204	1485316	110113
2	+	493309	603373	110065
3	+	141373	250904	109532
4	+	294577	402677	108101
5	+	3506286	3613092	106807
6	-	4384613	4276522	108092
7	-	4371440	4263311	108130
8	-	4357515	4249409	108107
9	+	361076	469227	108152
10	+	89138	197195	108058
11	-	4039364	3932475	106890
12	-	4431003	4323392	107612
--------------------------------------------------------------------------------
Block #57
Seq_id	Strand	Start	End	Length
1	+	1341982	1360670	18689
2	-	4144700	4125857	18844
3	+	108201	126839	18639
4	+	261186	280043	18858
5	+	3472900	3491752	18853
6	-	4418004	4399146	18859
7	-	4404833	4385974	18860
8	-	4390966	4372108	18859
9	+	327684	346542	18859
10	+	55746	74604	18859
11	-	4072756	4053898	18859
12	-	4464396	4445537	18860
--------------------------------------------------------------------------------
Block #58
Seq_id	Strand	Start	End	Length
1	-	2703999	2701096	2904
2	-	2003393	2000576	2818
3	-	2372931	2370028	2904
4	+	1448018	1450902	2885
5	-	2709319	2706505	2815
6	+	3058465	3061294	2830
7	-	3265092	3262252	2841
8	-	3247126	3244265	2862
9	+	1727083	1729880	2798
10	-	2507123	2504255	2869
11	-	2293709	2291094	2616
12	-	3322079	3319176	2904
--------------------------------------------------------------------------------
Block #59
Seq_id	Strand	Start	End	Length
1	-	791628	787475	4154
2	+	684575	688704	4130
3	-	4479371	4475218	4154
4	-	682764	678618	4147
5	+	495178	499331	4154
6	+	314186	318339	4154
7	+	310524	314677	4154
8	+	312560	316713	4154
9	+	640306	644453	4148
10	-	3831439	3827286	4154
11	-	4209900	4205747	4154
12	+	310530	314683	4154
--------------------------------------------------------------------------------
Block #60
Seq_id	Strand	Start	End	Length
1	+	3268761	3291402	22642
2	+	2417605	2442591	24987
3	-	1765585	1742961	22625
4	-	1808776	1786135	22642
5	-	2239491	2216867	22625
6	-	2493633	2470992	22642
7	-	2490541	2467899	22643
8	-	1714606	1691961	22646
9	-	2269893	2247234	22660
10	-	1902280	1879622	22659
11	+	1042654	1065871	23218
12	+	2119864	2142505	22642
--------------------------------------------------------------------------------
Block #61
Seq_id	Strand	Start	End	Length
1	-	634972	583992	50981
2	-	844462	792158	52305
3	+	4547121	4598100	50980
4	-	4015058	3964084	50975
5	-	4256178	4205290	50889
6	+	468883	519863	50981
7	+	464528	515508	50981
8	+	466718	517697	50980
9	-	4149715	4098740	50976
10	+	388092	439066	50975
11	-	3630158	3580189	49970
12	+	522376	573357	50982
--------------------------------------------------------------------------------
Block #62
Seq_id	Strand	Start	End	Length
1	-	3465000	3457663	7338
2	-	2574298	2566961	7338
3	+	1581104	1588441	7338
4	-	2243661	2236587	7075
5	+	2079240	2086585	7346
6	+	2296816	2304153	7338
7	+	2293736	2301074	7339
8	-	2244192	2236855	7338
9	-	2522704	2515366	7339
10	+	1705465	1712769	7305
11	-	1237217	1229880	7338
12	-	2316692	2309355	7338
--------------------------------------------------------------------------------
Block #63
Seq_id	Strand	Start	End	Length
1	+	2328831	2334142	5312
2	+	1333850	1339121	5272
3	-	2864899	2859589	5311
4	-	3226828	3221518	5311
5	+	920363	925673	5311
6	-	3433234	3427924	5311
7	-	3430602	3425292	5311
8	-	3412592	3407283	5310
9	+	1242530	1247841	5312
10	+	1172414	1177725	5312
11	-	3081512	3076202	5311
12	-	3487638	3482328	5311
--------------------------------------------------------------------------------
Block #64
Seq_id	Strand	Start	End	Length
1	+	475296	488931	13636
2	+	1137749	1151383	13635
3	+	3564886	3578521	13636
4	-	3964082	3950446	13637
5	-	3221370	3207735	13636
6	-	628554	614919	13636
7	-	624212	610578	13635
8	-	626402	612767	13636
9	+	3991985	4005620	13636
10	-	546146	532203	13944
11	-	410486	396851	13636
12	-	682073	668438	13636
--------------------------------------------------------------------------------
Block #65
Seq_id	Strand	Start	End	Length
1	+	524985	560861	35877
2	+	3087973	3122553	34581
3	+	3984306	4020167	35862
4	-	3914392	3880477	33916
5	+	4148856	4182756	33901
6	-	578870	542994	35877
7	-	574514	538639	35876
8	-	576689	540828	35862
9	+	4041691	4075609	33919
10	-	496115	462197	33919
11	+	3524089	3557477	33389
12	-	632364	596488	35877
--------------------------------------------------------------------------------
Block #66
Seq_id	Strand	Start	End	Length
1	+	2212933	2220029	7097
2	+	3346773	3353869	7097
3	-	2980713	2973608	7106
4	-	3340666	3333570	7097
5	+	806491	813587	7097
6	-	3549034	3541938	7097
7	-	3544492	3537397	7096
8	-	3526452	3519356	7097
9	+	1126736	1133387	6652
10	+	1054587	1061683	7097
11	-	3195989	3188894	7096
12	-	3601480	3594384	7097
--------------------------------------------------------------------------------
Block #67
Seq_id	Strand	Start	End	Length
1	+	1591680	1623067	31388
2	-	4177514	4146292	31223
3	+	24700	56117	31418
4	+	22737	54151	31415
5	-	3430589	3399170	31420
6	-	4169925	4138538	31388
7	-	4156776	4125384	31393
8	-	4142866	4111474	31393
9	+	22488	53722	31235
10	+	22737	54154	31418
11	+	183335	214750	31416
12	-	4216717	4185300	31418
--------------------------------------------------------------------------------
Block #68
Seq_id	Strand	Start	End	Length
1	+	2936258	2945130	8873
2	-	1840216	1831344	8873
3	-	2253228	2244357	8872
4	+	1567079	1575945	8867
5	-	2592232	2583360	8873
6	-	2826178	2817306	8873
7	-	2825651	2816779	8873
8	+	2783404	2792276	8873
9	+	1845992	1854864	8873
10	-	2387962	2379090	8873
11	-	2178370	2169514	8857
12	-	2778501	2769629	8873
--------------------------------------------------------------------------------
Block #69
Seq_id	Strand	Start	End	Length
1	-	1370083	1360671	9413
2	-	128313	118901	9413
3	-	136252	126840	9413
4	-	289456	280044	9413
5	-	3501165	3491753	9413
6	+	4389735	4399145	9411
7	+	4376561	4385973	9413
8	+	4362696	4372107	9412
9	-	355955	346543	9413
10	-	84017	74605	9413
11	+	4044485	4053897	9413
12	+	4436124	4445536	9413
--------------------------------------------------------------------------------
Block #70
Seq_id	Strand	Start	End	Length
1	-	1538555	1525060	13496
2	-	1992091	1979306	12786
3	+	3834184	3847679	13496
4	-	455851	442356	13496
5	-	3665538	3652753	12786
6	+	4223297	4236792	13496
7	+	4210092	4223587	13496
8	+	4196178	4209673	13496
9	-	522418	508923	13496
10	-	250401	236905	13497
11	+	3881967	3894752	12786
12	+	4270091	4283599	13509
--------------------------------------------------------------------------------
Block #71
Seq_id	Strand	Start	End	Length
1	+	40209	73158	32950
2	-	171705	137472	34234
3	+	353095	386026	32932
4	+	844226	877172	32947
5	+	3954225	3988471	34247
6	-	1065065	1032116	32950
7	+	932936	965886	32951
8	+	934909	967861	32953
9	-	3693143	3660194	32950
10	-	3560969	3528021	32949
11	+	617419	650364	32946
12	+	990791	1023741	32951
--------------------------------------------------------------------------------
Block #72
Seq_id	Strand	Start	End	Length
1	+	2227238	2266607	39370
2	-	3244270	3203556	40715
3	-	2966399	2927034	39366
4	-	3326361	3286992	39370
5	+	820796	860165	39370
6	-	3534729	3495360	39370
7	-	3530188	3490820	39369
8	-	3512147	3472779	39369
9	+	1143000	1182370	39371
10	+	1070851	1110220	39370
11	-	3181685	3141577	40109
12	-	3587175	3547806	39370
--------------------------------------------------------------------------------
Block #73
Seq_id	Strand	Start	End	Length
1	+	2486361	2498067	11707
2	-	1350549	1339122	11428
3	+	2848161	2859588	11428
4	+	3210089	3221517	11429
5	-	937100	925674	11427
6	+	3141889	3153595	11707
7	+	2827111	2838817	11707
8	-	3164280	3152573	11708
9	-	1259269	1247842	11428
10	-	1189153	1177726	11428
11	+	3064774	3076201	11428
12	-	3239317	3227611	11707
--------------------------------------------------------------------------------
Block #74
Seq_id	Strand	Start	End	Length
1	-	4553770	4551580	2191
2	+	208250	210440	2191
3	-	312872	310682	2191
4	-	803978	801788	2191
5	-	3913968	3911778	2191
6	+	1105274	1107464	2191
7	-	897708	895518	2191
8	-	899818	897628	2191
9	+	3733376	3735566	2191
10	+	3601248	3603438	2191
11	-	582172	579982	2191
12	-	955557	953367	2191
--------------------------------------------------------------------------------
Block #75
Seq_id	Strand	Start	End	Length
1	-	703309	694933	8377
2	+	1290537	1298913	8377
3	-	4389560	4381184	8377
4	-	4081463	4073087	8377
5	-	4322383	4314001	8383
6	+	402505	410881	8377
7	+	398157	406533	8377
8	+	400357	408733	8377
9	-	4218085	4209709	8377
10	+	321713	330089	8377
11	-	3696498	3688122	8377
12	+	456005	464381	8377
--------------------------------------------------------------------------------
Block #76
Seq_id	Strand	Start	End	Length
1	-	2573935	2543530	30406
2	-	447639	417720	29920
3	-	2612566	2582612	29955
4	-	2979489	2949534	29956
5	-	3060082	3029730	30353
6	-	3228979	3199044	29936
7	-	2914206	2884288	29919
8	+	3077201	3107110	29910
9	+	1491066	1520983	29918
10	+	1420970	1450903	29934
11	-	2529314	2499263	30052
12	+	3152226	3182143	29918
--------------------------------------------------------------------------------
Block #77
Seq_id	Strand	Start	End	Length
1	+	4299843	4342595	42753
2	+	1495509	1537558	42050
3	+	1080524	1125212	44689
4	-	2890293	2847525	42769
5	-	984874	943122	41753
6	+	1377800	1420534	42735
7	+	1391258	1434027	42770
8	-	1382553	1339786	42768
9	-	3269942	3227173	42770
10	-	3105930	3063182	42749
11	-	2814326	2772219	42108
12	+	1449159	1491928	42770
--------------------------------------------------------------------------------
Block #78
Seq_id	Strand	Start	End	Length
1	-	4032051	4016793	15259
2	+	3390296	3405887	15592
3	+	838768	854095	15328
4	-	2641165	2625837	15329
5	+	1453539	1469141	15603
6	+	1626932	1642190	15259
7	+	1638445	1653773	15329
8	+	1618941	1634268	15328
9	-	3020762	3005436	15327
10	-	2856827	2841500	15328
11	-	1738103	1722775	15329
12	+	1696379	1711706	15328
--------------------------------------------------------------------------------
Block #79
Seq_id	Strand	Start	End	Length
1	-	524984	517062	7923
2	-	3087972	3080060	7913
3	-	3984305	3976310	7996
4	+	3914393	3922315	7923
5	+	4141199	4148855	7657
6	+	578871	586788	7918
7	+	574515	582437	7923
8	+	576690	584612	7923
9	-	4041690	4033751	7940
10	+	496116	504072	7957
11	-	3523998	3515026	8973
12	+	632365	640287	7923
--------------------------------------------------------------------------------
Block #80
Seq_id	Strand	Start	End	Length
1	-	1916072	1858460	57613
2	-	4309371	4251776	57596
3	+	3275683	3333295	57613
4	+	3633877	3691190	57314
5	-	690484	632875	57610
6	+	3843233	3900846	57614
7	+	3833979	3891593	57615
8	+	3820076	3877688	57613
9	-	835236	777920	57317
10	-	763240	706276	56965
11	+	3702323	3759921	57599
12	+	3894160	3951479	57320
--------------------------------------------------------------------------------
Block #81
Seq_id	Strand	Start	End	Length
1	+	1079832	1087379	7548
2	-	26130	18703	7428
3	+	3933671	3941218	7548
4	+	4096697	4104255	7559
5	-	25995	18437	7559
6	-	26200	18653	7548
7	-	26198	18652	7547
8	-	26258	18712	7547
9	+	4232612	4240170	7559
10	-	307186	299628	7559
11	+	4457316	4464743	7428
12	-	26199	18652	7548
--------------------------------------------------------------------------------
Block #82
Seq_id	Strand	Start	End	Length
1	-	1952346	1922489	29858
2	+	1043110	1073658	30549
3	+	3239408	3269265	29858
4	+	3597580	3627460	29881
5	-	284263	254393	29871
6	+	3806959	3836816	29858
7	+	3797754	3827562	29809
8	+	3783801	3813646	29846
9	-	871597	841653	29945
10	-	800533	770661	29873
11	-	3347975	3318135	29841
12	+	3857567	3887449	29883
--------------------------------------------------------------------------------
Block #83
Seq_id	Strand	Start	End	Length
1	+	2573936	2597633	23698
2	+	447640	470592	22953
3	+	2612567	2635539	22973
4	+	2979490	3003040	23551
5	-	2843865	2820893	22973
6	+	3228980	3252677	23698
7	+	2914207	2937906	23700
8	-	3077200	3053502	23699
9	-	1491065	1468228	22838
10	-	1420969	1398129	22841
11	+	2529315	2551848	22534
12	-	3152225	3128528	23698
--------------------------------------------------------------------------------
Block #84
Seq_id	Strand	Start	End	Length
1	-	2878969	2876660	2310
2	+	356217	358477	2261
3	+	2310503	2312803	2301
4	-	1509762	1507453	2310
5	+	2647558	2649858	2301
6	+	2883467	2885776	2310
7	-	3126474	3124165	2310
8	-	2726106	2723797	2310
9	-	1788695	1786386	2310
10	+	2445281	2447590	2310
11	+	2233679	2235926	2248
12	+	2940109	2942418	2310
--------------------------------------------------------------------------------
Block #85
Seq_id	Strand	Start	End	Length
1	+	1808926	1811955	3030
2	-	691945	688916	3030
3	-	106303	103274	3030
4	-	594608	591579	3030
5	+	581359	584056	2698
6	-	3950380	3947351	3030
7	+	4075194	4078223	3030
8	-	3927223	3924194	3030
9	+	728362	731391	3030
10	-	3743297	3740268	3030
11	-	4121815	4118786	3030
12	+	4135088	4138117	3030
--------------------------------------------------------------------------------
Block #86
Seq_id	Strand	Start	End	Length
1	-	3086203	3016410	69794
2	+	2686576	2760552	73977
3	+	1937395	2007406	70012
4	+	1978841	2047657	68817
5	+	2412741	2482552	69812
6	+	2676230	2746023	69794
7	-	1892241	1822465	69777
8	+	1888473	1958978	70506
9	-	2158029	2088235	69795
10	+	2074683	2144477	69795
11	-	867311	797550	69762
12	-	1950166	1880373	69794
--------------------------------------------------------------------------------
Block #87
Seq_id	Strand	Start	End	Length
1	-	976971	884908	92064
2	-	3986963	3897373	89591
3	-	3698046	3607963	90084
4	+	57774	147895	90122
5	+	128858	218907	90050
6	+	128132	220195	92064
7	+	127111	217196	90086
8	+	127169	219235	92067
9	+	4351212	4441299	90088
10	-	4492157	4400058	92100
11	+	56622	146706	90085
12	+	127100	217204	90105
--------------------------------------------------------------------------------
Block #88
Seq_id	Strand	Start	End	Length
1	-	246396	220775	25622
2	+	3433024	3458649	25626
3	-	561968	536293	25676
4	-	1048539	1022855	25685
5	-	3191873	3166207	25667
6	+	858885	884507	25623
7	-	1137232	1111555	25678
8	-	1139903	1114227	25677
9	+	3488865	3514523	25659
10	+	3356684	3382369	25686
11	+	1910741	1936434	25694
12	-	1195086	1169410	25677
--------------------------------------------------------------------------------
Block #89
Seq_id	Strand	Start	End	Length
1	+	3893857	3930443	36587
2	+	3354087	3390295	36209
3	-	977139	940518	36622
4	+	2504764	2541378	36615
5	-	1592125	1555539	36587
6	-	1765214	1728628	36587
7	-	1779865	1743252	36614
8	+	2001580	2038192	36613
9	+	2884368	2920980	36613
10	+	2719718	2756331	36614
11	+	1601085	1637671	36587
12	-	1837772	1801159	36614
--------------------------------------------------------------------------------
Block #90
Seq_id	Strand	Start	End	Length
1	-	4091869	4038568	53302
2	-	1674097	1619431	54667
3	-	767791	714532	53260
4	+	2710099	2765335	55237
5	+	1318050	1371321	53272
6	-	1557996	1504695	53302
7	-	1569493	1516228	53266
8	+	1204303	1257581	53279
9	+	3089743	3144995	55253
10	+	2925745	2981012	55268
11	+	2636074	2689326	53253
12	-	1627416	1574123	53294
--------------------------------------------------------------------------------
Block #91
Seq_id	Strand	Start	End	Length
1	+	3467617	3503209	35593
2	+	2574957	2611263	36307
3	-	1578613	1543606	35008
4	+	2244193	2279202	35010
5	-	2078708	2043701	35008
6	-	2294199	2258607	35593
7	-	2293204	2258199	35006
8	+	2244724	2279733	35010
9	+	2523236	2558244	35009
10	-	1704900	1669892	35009
11	+	1237749	1274819	37071
12	+	2317224	2352232	35009
--------------------------------------------------------------------------------
Block #92
Seq_id	Strand	Start	End	Length
1	+	3165403	3193907	28505
2	-	2415299	2385183	30117
3	-	1858905	1830338	28568
4	-	1904298	1875556	28743
5	-	2333525	2304670	28856
6	-	2597023	2568505	28519
7	-	2585193	2556654	28540
8	-	1809253	1780736	28518
9	-	2365455	2336662	28794
10	-	1998804	1970068	28737
11	+	946567	975412	28846
12	+	2027437	2056245	28809
--------------------------------------------------------------------------------
Block #93
Seq_id	Strand	Start	End	Length
1	-	1591679	1586884	4796
2	-	643984	639189	4796
3	-	24699	19904	4796
4	-	22736	17942	4795
5	+	3430590	3435385	4796
6	+	4169926	4174721	4796
7	+	4156777	4161572	4796
8	+	4142867	4147662	4796
9	-	22487	17693	4795
10	-	22736	17942	4795
11	-	183334	178539	4796
12	+	4216718	4221513	4796
--------------------------------------------------------------------------------
Block #94
Seq_id	Strand	Start	End	Length
1	+	2091071	2093750	2680
2	+	3049353	3052033	2681
3	+	3179393	3182072	2680
4	-	3461293	3458614	2680
5	+	418057	420737	2681
6	-	3670896	3668217	2680
7	-	3661669	3658990	2680
8	-	3647581	3644902	2680
9	+	1007667	1010346	2680
10	+	938603	941282	2680
11	+	3481590	3484270	2681
12	-	3721323	3718644	2680
--------------------------------------------------------------------------------
Block #95
Seq_id	Strand	Start	End	Length
1	-	1857046	1812924	44123
2	-	4250362	4205550	44813
3	+	58184	102305	44122
4	+	546465	590610	44146
5	-	631461	587316	44146
6	+	3902260	3946382	44123
7	-	4123317	4079192	44126
8	+	3879102	3923225	44124
9	-	776506	732360	44147
10	+	3695153	3739299	44147
11	+	4073695	4117817	44123
12	-	4183233	4139086	44148
--------------------------------------------------------------------------------
Block #96
Seq_id	Strand	Start	End	Length
1	-	12292	1	12292
2	+	195993	208249	12257
3	-	325164	312873	12292
4	-	816270	803979	12292
5	-	3926260	3913969	12292
6	+	1092982	1105273	12292
7	-	910001	897709	12293
8	-	912110	899819	12292
9	+	3721084	3733375	12292
10	+	3588956	3601247	12292
11	-	594446	582173	12274
12	-	967849	955558	12292
--------------------------------------------------------------------------------
Block #97
Seq_id	Strand	Start	End	Length
1	-	3957547	3932491	25057
2	+	3177521	3203064	25544
3	+	915388	940517	25130
4	-	2566509	2541379	25131
5	+	1530428	1555538	25111
6	+	1701524	1726580	25057
7	+	1718122	1743251	25130
8	-	2063322	2038193	25130
9	-	2946110	2920981	25130
10	-	2782172	2756332	25841
11	-	1664764	1637672	27093
12	+	1776029	1801158	25130
--------------------------------------------------------------------------------
Block #98
Seq_id	Strand	Start	End	Length
1	+	988261	994547	6287
2	-	118189	111903	6287
3	-	299001	292715	6287
4	-	249976	243690	6287
5	-	117565	111279	6287
6	-	116832	110546	6287
7	-	115818	109532	6287
8	-	115879	109593	6287
9	-	316491	310205	6287
10	+	4297985	4304271	6287
11	+	4368279	4374565	6287
12	-	115818	109532	6287
--------------------------------------------------------------------------------
Block #99
Seq_id	Strand	Start	End	Length
1	+	3095615	3125111	29497
2	-	2676172	2647581	28592
3	-	1927983	1901028	26956
4	-	1971161	1943636	27526
5	-	2403329	2375784	27546
6	-	2666818	2637315	29504
7	+	1901653	1929187	27535
8	-	1879061	1851526	27536
9	+	2162139	2189684	27546
10	-	2067003	2039465	27539
11	+	876723	904304	27582
12	+	1959872	1987115	27244
--------------------------------------------------------------------------------
Block #100
Seq_id	Strand	Start	End	Length
1	-	2328830	2295069	33762
2	-	1333849	1300237	33613
3	+	2864900	2898572	33673
4	+	3226829	3260493	33665
5	-	920362	886700	33663
6	+	3433235	3466899	33665
7	+	3430603	3464311	33709
8	+	3412593	3446311	33719
9	-	1242529	1208872	33658
10	-	1171616	1136722	34895
11	+	3081513	3115045	33533
12	+	3487639	3521304	33666
--------------------------------------------------------------------------------
Block #101
Seq_id	Strand	Start	End	Length
1	-	2149783	2138411	11373
2	+	3531093	3542284	11192
3	+	3043861	3055051	11191
4	+	3404555	3415928	11374
5	-	746134	734762	11373
6	+	3612183	3623556	11374
7	+	3604971	3616344	11374
8	+	3588868	3600241	11374
9	-	1066382	1055008	11375
10	-	993390	982015	11376
11	+	3256953	3268348	11396
12	+	3662670	3674043	11374
--------------------------------------------------------------------------------
Block #102
Seq_id	Strand	Start	End	Length
1	-	4409545	4407025	2521
2	-	1603461	1600940	2522
3	-	699273	696753	2521
4	+	2780594	2783114	2521
5	+	1386621	1389125	2505
6	-	1487477	1484957	2521
7	-	1500970	1498450	2521
8	+	1272840	1275360	2521
9	+	3160254	3162774	2521
10	+	2996270	2998790	2521
11	+	2704589	2707110	2522
12	-	1558863	1556343	2521
--------------------------------------------------------------------------------
Block #103
Seq_id	Strand	Start	End	Length
1	+	1106031	1139996	33966
2	-	4504254	4470290	33965
3	-	4702289	4668325	33965
4	-	4532063	4498104	33960
5	-	4594816	4560860	33957
6	-	4653728	4619763	33966
7	-	4640720	4606755	33966
8	-	4626944	4592980	33965
9	-	4600506	4566541	33966
10	-	4534590	4500625	33966
11	+	4483380	4517345	33966
12	-	4553586	4519621	33966
--------------------------------------------------------------------------------
Block #104
Seq_id	Strand	Start	End	Length
1	-	1564607	1549889	14719
2	-	2946753	2932016	14738
3	+	4054337	4069055	14719
4	-	481903	467185	14719
5	+	3457511	3471935	14425
6	+	4197245	4211963	14719
7	+	4184098	4198818	14721
8	+	4170126	4184844	14719
9	-	548470	533752	14719
10	-	276454	261735	14720
11	+	4301357	4315781	14425
12	+	4244039	4258757	14719
--------------------------------------------------------------------------------
Block #105
Seq_id	Strand	Start	End	Length
1	+	2704283	2712017	7735
2	+	2003637	2012662	9026
3	+	2373216	2381004	7789
4	-	1447902	1440132	7771
5	+	2709468	2716991	7524
6	-	3058126	3050391	7736
7	+	3265251	3272989	7739
8	+	3247145	3254914	7770
9	-	1726896	1719125	7772
10	+	2507259	2515028	7770
11	+	2293845	2301494	7650
12	+	3322249	3329953	7705
--------------------------------------------------------------------------------
Block #106
Seq_id	Strand	Start	End	Length
1	+	3314310	3318335	4026
2	+	2443515	2447247	3733
3	-	1720057	1716031	4027
4	+	2093808	2097834	4027
5	-	2195913	2191887	4027
6	-	2448095	2444069	4027
7	-	2444998	2440972	4027
8	+	2093001	2097026	4026
9	+	2372110	2376135	4026
10	-	1856709	1852977	3733
11	+	1088147	1092172	4026
12	+	2165409	2169434	4026
--------------------------------------------------------------------------------
Block #107
Seq_id	Strand	Start	End	Length
1	+	3151743	3162820	11078
2	+	2318054	2328937	10884
3	-	1872450	1861488	10963
4	-	1916986	1906881	10106
5	-	2349156	2338068	11089
6	-	2610683	2599606	11078
7	-	2598853	2587776	11078
8	-	1822918	1811835	11084
9	+	2216334	2226433	10100
10	-	2012815	2002710	10106
11	+	932895	943984	11090
12	+	2013765	2024854	11090
--------------------------------------------------------------------------------
Block #108
Seq_id	Strand	Start	End	Length
1	+	168964	197132	28169
2	+	3569129	3597859	28731
3	+	484506	512658	28153
4	+	971036	999220	28185
5	-	4041268	4012928	28341
6	-	936310	908143	28168
7	+	1059734	1087919	28186
8	+	1061709	1089879	28171
9	-	3566333	3538167	28167
10	-	3434156	3406005	28152
11	+	744954	773108	28155
12	+	1117591	1145775	28185
--------------------------------------------------------------------------------
Block #109
Seq_id	Strand	Start	End	Length
1	-	3439129	3397500	41630
2	-	2550727	2509458	41270
3	+	1607157	1649756	42600
4	-	2218331	2176460	41872
5	+	2105251	2146612	41362
6	+	2322852	2364732	41881
7	+	2319780	2361634	41855
8	-	2218155	2176379	41777
9	-	2496636	2454751	41886
10	+	1731476	1773344	41869
11	-	1211205	1169483	41723
12	-	2290656	2248772	41885
--------------------------------------------------------------------------------
Block #110
Seq_id	Strand	Start	End	Length
1	-	738477	704808	33670
2	-	727634	691982	35653
3	-	4424771	4391059	33713
4	-	630199	596604	33596
5	+	547777	581322	33546
6	+	367337	401006	33670
7	+	363138	396659	33522
8	+	365145	398858	33714
9	+	692899	726366	33468
10	-	3778882	3745293	33590
11	-	4157338	4123812	33527
12	+	421136	454506	33371
--------------------------------------------------------------------------------
Block #111
Seq_id	Strand	Start	End	Length
1	-	2274526	2266608	7919
2	-	3029452	3021535	7918
3	+	2919116	2927033	7918
4	+	3279074	3286991	7918
5	-	868083	860166	7918
6	+	3487441	3495359	7919
7	+	3482895	3490819	7925
8	+	3464861	3472778	7918
9	-	1190288	1182371	7918
10	-	1118138	1110221	7918
11	+	3133627	3141576	7950
12	+	3539888	3547805	7918
--------------------------------------------------------------------------------
Block #112
Seq_id	Strand	Start	End	Length
1	+	3759596	3813097	53502
2	+	2956814	3010300	53487
3	+	2082913	2138403	55491
4	-	1735926	1682332	53595
5	-	1995772	1942215	53558
6	-	1899490	1845974	53517
7	+	2655806	2709336	53531
8	+	2637652	2691191	53540
9	-	2014806	1961283	53524
10	+	2219279	2272810	53532
11	+	2010449	2064186	53738
12	+	2608663	2662195	53533
--------------------------------------------------------------------------------
Block #113
Seq_id	Strand	Start	End	Length
1	+	1952347	2004022	51676
2	-	1042220	990845	51376
3	-	3239407	3187776	51632
4	-	3597579	3545867	51713
5	+	284264	335915	51652
6	-	3806958	3755283	51676
7	-	3797753	3746103	51651
8	-	3783800	3732140	51661
9	+	871598	923267	51670
10	+	800534	852254	51721
11	+	3348155	3399478	51324
12	-	3857566	3805899	51668
--------------------------------------------------------------------------------
Block #114
Seq_id	Strand	Start	End	Length
1	+	490602	515602	25001
2	+	3053705	3078599	24895
3	+	3949850	3974850	25001
4	-	3948775	3923774	25002
5	+	4114385	4139462	25078
6	-	613248	588247	25002
7	-	608907	583896	25012
8	-	611096	586071	25026
9	+	4007291	4032291	25001
10	-	530532	505531	25002
11	+	3487861	3512561	24701
12	-	666767	642041	24727
--------------------------------------------------------------------------------
Block #115
Seq_id	Strand	Start	End	Length
1	+	2515647	2543207	27561
2	-	3292747	3265175	27573
3	+	2554709	2582289	27581
4	-	1268046	1240466	27581
5	+	3001827	3029407	27581
6	+	3171161	3198721	27561
7	+	2856383	2883965	27583
8	-	3134993	3107433	27561
9	-	1548885	1521306	27580
10	-	1478806	1451226	27581
11	+	2471358	2498940	27583
12	-	3210046	3182466	27581
--------------------------------------------------------------------------------
Block #116
Seq_id	Strand	Start	End	Length
1	-	4496145	4486328	9818
2	-	3418012	3408195	9818
3	+	576980	586797	9818
4	+	1063551	1073368	9818
5	-	3140184	3130367	9818
6	+	1162899	1172716	9818
7	+	1154204	1164021	9818
8	+	1543056	1552870	9815
9	-	3473853	3464036	9818
10	-	3341672	3331855	9818
11	-	1893856	1883839	10018
12	+	1212058	1221875	9818
--------------------------------------------------------------------------------
Block #117
Seq_id	Strand	Start	End	Length
1	+	3525060	3590101	65042
2	-	2162664	2096096	66569
3	-	1419032	1352031	67002
4	+	2301009	2366097	65089
5	+	1653284	1718409	65126
6	-	2135953	2070944	65010
7	-	2135521	2070454	65068
8	+	2402380	2468147	65768
9	+	2680845	2745915	65071
10	+	2515990	2581042	65053
11	+	1400246	1465243	64998
12	+	2374075	2439152	65078
--------------------------------------------------------------------------------
Block #118
Seq_id	Strand	Start	End	Length
1	-	1548429	1543736	4694
2	+	3611361	3616054	4694
3	+	3824301	3828994	4694
4	-	465725	461032	4694
5	-	3675412	3670719	4694
6	+	4213423	4218116	4694
7	+	4200278	4204971	4694
8	+	4186304	4190997	4694
9	-	532292	527599	4694
10	-	260275	255582	4694
11	+	3872093	3876786	4694
12	+	4260217	4264910	4694
--------------------------------------------------------------------------------
Block #119
Seq_id	Strand	Start	End	Length
1	+	134154	168963	34810
2	+	4090474	4125146	34673
3	+	449693	484505	34813
4	+	936216	971035	34820
5	-	4076061	4041269	34793
6	-	971120	936311	34810
7	+	1024922	1059733	34812
8	+	1026897	1061708	34812
9	-	3601152	3566334	34819
10	-	3468975	3434157	34819
11	+	710128	744953	34826
12	+	1082778	1117590	34813
--------------------------------------------------------------------------------
Block #120
Seq_id	Strand	Start	End	Length
1	+	448930	475295	26366
2	+	1111381	1137748	26368
3	+	3538520	3564885	26366
4	+	3830981	3857346	26366
5	-	3247752	3221371	26382
6	-	654920	628555	26366
7	-	650579	624213	26367
8	-	652767	626403	26365
9	+	3965619	3991984	26366
10	-	572299	546147	26153
11	-	436876	410487	26390
12	-	708439	682074	26366
--------------------------------------------------------------------------------
Block #121
Seq_id	Strand	Start	End	Length
1	+	1237813	1243233	5421
2	-	4419231	4413832	5400
3	-	4321227	4315097	6131
4	-	4400355	4394225	6131
5	-	3778829	3773409	5421
6	-	4520043	4514623	5421
7	-	4506945	4501524	5422
8	-	4493096	4487676	5421
9	+	4249082	4254502	5421
10	-	4195533	4190113	5421
11	-	3867444	3862023	5422
12	+	2780456	2785876	5421
--------------------------------------------------------------------------------
Block #122
Seq_id	Strand	Start	End	Length
1	+	3825434	3846346	20913
2	+	3704661	3724833	20173
3	+	2151020	2171631	20612
4	-	1671955	1651768	20188
5	+	2492158	2512360	20203
6	-	1833637	1812725	20913
7	+	2719713	2740627	20915
8	+	2701568	2722481	20914
9	-	1950906	1930718	20189
10	+	2283187	2303374	20188
11	+	2074563	2094730	20168
12	+	2672572	2693484	20913
--------------------------------------------------------------------------------
Block #123
Seq_id	Strand	Start	End	Length
1	-	2107818	2100559	7260
2	+	3689552	3696812	7261
3	+	3085603	3092862	7260
4	+	3444546	3451805	7260
5	-	704160	696900	7261
6	+	3654149	3661408	7260
7	+	3646880	3654139	7260
8	+	3630834	3638093	7260
9	-	1024414	1017155	7260
10	-	953391	946132	7260
11	+	3305890	3313150	7261
12	+	3704576	3711835	7260
--------------------------------------------------------------------------------
Block #124
Seq_id	Strand	Start	End	Length
1	-	1105781	1093741	12041
2	+	250	12275	12026
3	+	250	14252	14003
4	+	250	12290	12041
5	+	1	12056	12056
6	+	251	12291	12041
7	+	250	12290	12041
8	+	250	12291	12042
9	+	1	12041	12041
10	+	250	12290	12041
11	-	4483130	4471105	12026
12	+	250	12290	12041
--------------------------------------------------------------------------------
Block #125
Seq_id	Strand	Start	End	Length
1	+	3881292	3893856	12565
2	-	3264355	3251972	12384
3	-	989709	977140	12570
4	+	2492199	2504763	12565
5	-	1604562	1592126	12437
6	-	1777779	1765215	12565
7	-	1792429	1779866	12564
8	+	1989015	2001579	12565
9	+	2871804	2884367	12564
10	+	2707153	2719717	12565
11	+	1588367	1601084	12718
12	-	1850337	1837773	12565
--------------------------------------------------------------------------------
Block #126
Seq_id	Strand	Start	End	Length
1	-	4436167	4426762	9406
2	-	2814496	2805090	9407
3	+	639612	649017	9406
4	+	1124206	1133611	9406
5	-	3080221	3070812	9410
6	+	1222877	1232282	9406
7	+	1214166	1223571	9406
8	+	1603018	1612424	9407
9	-	3411931	3402544	9388
10	-	3280998	3271593	9406
11	-	1833684	1824259	9426
12	+	1272036	1281478	9443
--------------------------------------------------------------------------------
Block #127
Seq_id	Strand	Start	End	Length
1	+	4409546	4424807	15262
2	+	1604258	1619430	15173
3	+	699274	714531	15258
4	-	2780593	2765336	15258
5	-	1386620	1371322	15299
6	+	1487478	1502740	15263
7	+	1500971	1516227	15257
8	-	1272839	1257582	15258
9	-	3160253	3144996	15258
10	-	2996269	2981013	15257
11	-	2704588	2689327	15262
12	+	1559043	1574122	15080
--------------------------------------------------------------------------------
Block #128
Seq_id	Strand	Start	End	Length
1	+	3965172	3987652	22481
2	-	3169896	3147600	22297
3	-	907763	885283	22481
4	+	2574134	2596614	22481
5	-	1522803	1500324	22480
6	-	1693899	1671419	22481
7	-	1710497	1688017	22481
8	-	1691111	1668631	22481
9	+	2953735	2976216	22482
10	+	2789797	2812277	22481
11	+	1671066	1693546	22481
12	-	1768404	1745924	22481
--------------------------------------------------------------------------------
Block #129
Seq_id	Strand	Start	End	Length
1	-	1337073	1243234	93840
2	-	4410488	4315276	95213
3	+	4221194	4315096	93903
4	+	4296527	4394224	97698
5	+	3679215	3773408	94194
6	+	4420783	4514622	93840
7	+	4407612	4501523	93912
8	+	4393745	4487675	93931
9	-	4348361	4254503	93859
10	+	4092414	4190112	97699
11	+	3763175	3862022	98848
12	-	2879794	2785877	93918
--------------------------------------------------------------------------------
Block #130
Seq_id	Strand	Start	End	Length
1	+	3957548	3963825	6278
2	-	3176197	3169920	6278
3	-	915387	909110	6278
4	+	2566510	2572787	6278
5	-	1530427	1524150	6278
6	-	1701523	1695246	6278
7	-	1718121	1711844	6278
8	+	2063323	2069600	6278
9	+	2946111	2952388	6278
10	+	2782173	2788450	6278
11	+	1664765	1671042	6278
12	-	1776028	1769751	6278
--------------------------------------------------------------------------------
Block #131
Seq_id	Strand	Start	End	Length
1	+	3664105	3682450	18346
2	+	1712503	1730757	18255
3	-	1276096	1257768	18329
4	+	2440106	2458456	18351
5	-	1651819	1633436	18384
6	-	1996940	1976636	20305
7	-	1996308	1977961	18348
8	+	2542165	2560509	18345
9	+	2819775	2838108	18334
10	+	2655060	2673411	18352
11	+	1538791	1557907	19117
12	+	2513157	2531502	18346
--------------------------------------------------------------------------------
Block #132
Seq_id	Strand	Start	End	Length
1	-	3825433	3816148	9286
2	+	2947309	2955988	8680
3	-	2148784	2139494	9291
4	+	1671956	1681241	9286
5	-	2492157	2482872	9286
6	+	1833638	1842923	9286
7	-	2719712	2710427	9286
8	-	2701567	2692282	9286
9	+	1950907	1960192	9286
10	-	2283186	2273901	9286
11	-	2074562	2065277	9286
12	-	2672571	2663286	9286
--------------------------------------------------------------------------------
Block #133
Seq_id	Strand	Start	End	Length
1	-	4407024	4342596	64429
2	-	1600939	1537559	63381
3	-	1191052	1125213	65840
4	+	2783115	2847524	64410
5	+	1389126	1453538	64413
6	-	1484956	1420535	64422
7	-	1498449	1434028	64422
8	+	1275361	1339785	64425
9	+	3162775	3227172	64398
10	+	2998791	3063181	64391
11	+	2707111	2772218	65108
12	-	1556342	1491929	64414
--------------------------------------------------------------------------------
Block #134
Seq_id	Strand	Start	End	Length
1	+	73159	89516	16358
2	+	3552470	3568910	16441
3	+	386027	403176	17150
4	+	877173	893622	16450
5	+	3988472	4004913	16442
6	-	1032115	1015955	16161
7	+	965887	982327	16441
8	+	967862	984302	16441
9	-	3660193	3643724	16470
10	-	3528020	3511571	16450
11	+	650365	666805	16441
12	+	1023742	1040182	16441
--------------------------------------------------------------------------------
Block #135
Seq_id	Strand	Start	End	Length
1	+	3321810	3357668	35859
2	+	2451879	2487752	35874
3	-	1712404	1676525	35880
4	+	2101462	2137340	35879
5	-	2189583	2153690	35894
6	-	2440442	2404564	35879
7	-	2437345	2401465	35881
8	+	2100654	2136548	35895
9	+	2379765	2415629	35865
10	-	1849056	1813177	35880
11	+	1095800	1131563	35764
12	+	2172755	2208940	36186
--------------------------------------------------------------------------------
Block #136
Seq_id	Strand	Start	End	Length
1	-	3093078	3089773	3306
2	+	2679713	2683018	3306
3	+	1930520	1933825	3306
4	+	1971966	1975271	3306
5	+	2405866	2409171	3306
6	+	2669355	2672660	3306
7	-	1899116	1895811	3306
8	+	1881598	1884903	3306
9	-	2161334	2158030	3305
10	+	2067808	2071113	3306
11	-	874186	870881	3306
12	-	1957041	1953736	3306
--------------------------------------------------------------------------------
Block #137
Seq_id	Strand	Start	End	Length
1	+	4202032	4232561	30530
2	+	1462990	1493371	30382
3	+	1193011	1223502	30492
4	+	1179393	1209911	30519
5	-	1104842	1074218	30625
6	+	1280016	1310545	30530
7	+	1271308	1301832	30525
8	-	1480418	1449875	30544
9	-	3356763	3326262	30502
10	-	3225812	3195360	30453
11	-	2913545	2883065	30481
12	+	1329213	1359755	30543
--------------------------------------------------------------------------------
Block #138
Seq_id	Strand	Start	End	Length
1	+	2274527	2295068	20542
2	+	3029453	3048037	18585
3	-	2917155	2898573	18583
4	-	3279073	3260494	18580
5	+	868084	886699	18616
6	-	3487440	3466900	20541
7	-	3482894	3464312	18583
8	-	3464860	3446312	18549
9	+	1190289	1208871	18583
10	+	1118139	1136721	18583
11	-	3133626	3115046	18581
12	-	3539887	3521305	18583
--------------------------------------------------------------------------------
Block #139
Seq_id	Strand	Start	End	Length
1	-	3608913	3606004	2910
2	+	2093231	2096095	2865
3	+	1333240	1336149	2910
4	-	2384908	2381999	2910
5	-	1737200	1734291	2910
6	+	2052132	2055041	2910
7	+	2051499	2054551	3053
8	-	2486972	2484063	2910
9	-	2764584	2761818	2767
10	-	2599854	2596945	2910
11	-	1484011	1481146	2866
12	-	2457965	2455056	2910
--------------------------------------------------------------------------------
Block #140
Seq_id	Strand	Start	End	Length
1	-	4486135	4481196	4940
2	+	3342109	3346772	4664
3	+	588950	593889	4940
4	+	1073561	1078500	4940
5	-	3130174	3125235	4940
6	+	1172909	1177848	4940
7	+	1164214	1169153	4940
8	+	1553063	1558002	4940
9	-	3461140	3456945	4196
10	-	3331662	3326723	4940
11	-	1883646	1878707	4940
12	+	1222068	1227007	4940
--------------------------------------------------------------------------------
Block #141
Seq_id	Strand	Start	End	Length
1	+	2793075	2806391	13317
2	+	331437	344753	13317
3	+	2739436	2752752	13317
4	+	3103660	3116976	13317
5	+	1150151	1163159	13009
6	-	2969361	2956045	13317
7	+	3040506	3053805	13300
8	-	2950923	2937606	13318
9	-	1365650	1352334	13317
10	-	1295575	1282258	13318
11	+	2959681	2972688	13008
12	-	3025944	3012628	13317
--------------------------------------------------------------------------------
Block #142
Seq_id	Strand	Start	End	Length
1	-	2515646	2498228	17419
2	+	3292748	3310138	17391
3	-	2552749	2535345	17405
4	+	1268047	1285452	17406
5	-	3001826	2984409	17418
6	-	3171160	3153756	17405
7	-	2856382	2838978	17405
8	+	3134994	3152412	17419
9	+	1548886	1566290	17405
10	+	1478807	1496212	17406
11	-	2471357	2453982	17376
12	+	3210047	3227450	17404
--------------------------------------------------------------------------------
Block #143
Seq_id	Strand	Start	End	Length
1	+	4441540	4481195	39656
2	+	3621175	3660730	39556
3	-	634240	593890	40351
4	-	1118833	1078501	40333
5	+	3085594	3125234	39641
6	-	1217504	1177849	39656
7	-	1208793	1169154	39640
8	-	1597645	1558003	39643
9	+	3417304	3456944	39641
10	+	3286371	3326722	40352
11	+	1839066	1878706	39641
12	-	1266663	1227008	39656
--------------------------------------------------------------------------------
Block #144
Seq_id	Strand	Start	End	Length
1	+	3754611	3759595	4985
2	-	3731133	3726149	4985
3	+	2077947	2082912	4966
4	-	1740911	1735927	4985
5	-	2002080	1995773	6308
6	-	1904475	1899491	4985
7	+	2650821	2655805	4985
8	+	2632667	2637651	4985
9	-	2019792	2014807	4986
10	+	2214294	2219278	4985
11	+	2005464	2010448	4985
12	+	2603678	2608662	4985
--------------------------------------------------------------------------------
Block #145
Seq_id	Strand	Start	End	Length
1	+	4003041	4016643	13603
2	-	3138204	3124514	13691
3	-	867935	854245	13691
4	+	2611997	2625687	13691
5	-	1484941	1471251	13691
6	-	1656030	1642340	13691
7	-	1667613	1653923	13691
8	-	1648108	1634418	13691
9	+	2991596	3005286	13691
10	+	2827660	2841350	13691
11	+	1708935	1722625	13691
12	-	1725546	1711856	13691
--------------------------------------------------------------------------------
Block #146
Seq_id	Strand	Start	End	Length
1	-	2699341	2645167	54175
2	-	412489	358478	54012
3	-	2368255	2312804	55452
4	+	1452675	1506137	53463
5	-	2703409	2649859	53551
6	+	3063049	3117257	54209
7	-	3260479	3206966	53514
8	-	3242492	3188911	53582
9	+	1731653	1785070	53418
10	-	2502482	2448907	53576
11	-	2289321	2235927	53395
12	-	3317403	3263950	53454
--------------------------------------------------------------------------------
Block #147
Seq_id	Strand	Start	End	Length
1	-	3851255	3847662	3594
2	-	417398	413805	3594
3	-	2176538	2172945	3594
4	+	1646859	1650452	3594
5	-	2515946	2512361	3586
6	+	1807816	1811409	3594
7	-	2745536	2741943	3594
8	+	2863494	2867087	3594
9	-	1929899	1926306	3594
10	+	2304193	2307786	3594
11	-	2098316	2094731	3586
12	-	2698393	2694800	3594
--------------------------------------------------------------------------------
Block #148
Seq_id	Strand	Start	End	Length
1	+	647238	694932	47695
2	+	854754	902701	47948
3	+	4333491	4381183	47693
4	+	4025365	4073086	47722
5	+	4266489	4314000	47512
6	-	458576	410882	47695
7	-	454221	406534	47688
8	-	456411	408734	47678
9	+	4161982	4209708	47727
10	-	377785	330090	47696
11	+	3640378	3688121	47744
12	-	512069	464382	47688
--------------------------------------------------------------------------------
Block #149
Seq_id	Strand	Start	End	Length
1	+	4091870	4153254	61385
2	+	2018571	2080962	62392
3	+	767792	831208	63417
4	-	2710098	2648724	61375
5	-	1318049	1256661	61389
6	+	1557997	1619372	61376
7	+	1569494	1630885	61392
8	-	1204302	1142900	61403
9	-	3089742	3028321	61422
10	-	2925744	2864386	61359
11	-	2636073	2574867	61207
12	+	1627417	1688819	61403
--------------------------------------------------------------------------------
Block #150
Seq_id	Strand	Start	End	Length
1	-	4511161	4497234	13928
2	-	3433023	3419101	13923
3	+	561969	575891	13923
4	+	1048540	1062462	13923
5	+	3191874	3205783	13910
6	+	1147883	1161810	13928
7	+	1139187	1153115	13929
8	+	1528040	1541967	13928
9	-	3488864	3474942	13923
10	-	3356683	3342761	13923
11	-	1910740	1896818	13923
12	+	1197042	1210969	13928
--------------------------------------------------------------------------------
Block #151
Seq_id	Strand	Start	End	Length
1	-	2227237	2220030	7208
2	+	3244271	3251551	7281
3	+	2966400	2973607	7208
4	+	3326362	3333569	7208
5	-	820795	813588	7208
6	+	3534730	3541937	7208
7	+	3530189	3537396	7208
8	+	3512148	3519355	7208
9	-	1142999	1135792	7208
10	-	1068891	1061684	7208
11	+	3181686	3188893	7208
12	+	3587176	3594383	7208
--------------------------------------------------------------------------------
Block #152
Seq_id	Strand	Start	End	Length
1	+	2597953	2617135	19183
2	-	3855554	3836595	18960
3	+	2635859	2655043	19185
4	+	3003360	3022543	19184
5	-	2820573	2801389	19185
6	+	3252997	3272181	19185
7	+	2938226	2957410	19185
8	-	3053182	3033997	19186
9	-	1465949	1446765	19185
10	-	1395850	1376666	19185
11	+	2554549	2573747	19199
12	-	3128208	3109023	19186
--------------------------------------------------------------------------------
Block #153
Seq_id	Strand	Start	End	Length
1	+	3295801	3310241	14441
2	+	2253494	2267912	14419
3	-	1738555	1724114	14442
4	-	1781729	1767287	14443
5	-	2212461	2198025	14437
6	-	2466593	2452152	14442
7	-	2463494	2449054	14441
8	+	2074503	2088944	14442
9	-	2242828	2228387	14442
10	-	1875216	1860775	14442
11	+	1070277	1084712	14436
12	+	2146911	2161352	14442
--------------------------------------------------------------------------------
Block #154
Seq_id	Strand	Start	End	Length
1	+	1916073	1920937	4865
2	+	4309372	4314145	4774
3	-	3275682	3270818	4865
4	-	3633876	3629012	4865
5	+	690485	695349	4865
6	-	3843232	3838368	4865
7	-	3833978	3829114	4865
8	-	3820075	3815211	4865
9	+	835237	840101	4865
10	+	764041	769109	5069
11	-	3702322	3697458	4865
12	-	3893865	3889001	4865
--------------------------------------------------------------------------------
Block #155
Seq_id	Strand	Start	End	Length
1	+	2713474	2791617	78144
2	-	3833694	3757144	76551
3	-	2737978	2659903	78076
4	+	3025444	3102202	76759
5	-	2796529	2718448	78082
6	-	3048934	2970819	78116
7	+	2962271	3039048	76778
8	-	3029137	2952381	76757
9	-	1443864	1367108	76757
10	-	1373765	1297033	76733
11	+	1747605	1824258	76654
12	-	3104163	3027402	76762
--------------------------------------------------------------------------------
Block #156
Seq_id	Strand	Start	End	Length
1	+	977497	988260	10764
2	+	4035960	4047420	11461
3	-	309739	299002	10738
4	-	260732	249977	10756
5	-	128332	117566	10767
6	-	127606	116833	10774
7	-	126567	115819	10749
8	-	126643	115880	10764
9	-	327229	316492	10738
10	+	4287239	4297984	10746
11	+	4357537	4368278	10742
12	-	126574	115819	10756
--------------------------------------------------------------------------------
Block #157
Seq_id	Strand	Start	End	Length
1	+	3507296	3520523	13228
2	+	2615508	2628734	13227
3	-	1539519	1526292	13228
4	+	2283289	2296504	13216
5	-	2041748	2028841	12908
6	-	2254520	2241293	13228
7	-	2254112	2240855	13258
8	+	2283820	2297065	13246
9	+	2562331	2575550	13220
10	-	1665805	1652590	13216
11	+	1278925	1292176	13252
12	+	2356319	2369546	13228
--------------------------------------------------------------------------------
Block #158
Seq_id	Strand	Start	End	Length
1	-	1806971	1760881	46091
2	+	1151384	1197779	46396
3	-	4216229	4169802	46428
4	+	4113167	4159475	46309
5	+	4323841	4370262	46422
6	+	3952335	3998764	46430
7	-	4073238	4026818	46421
8	+	3929178	3975598	46421
9	+	122107	168528	46422
10	+	3909023	3955331	46309
11	-	396850	350578	46273
12	-	4133133	4086704	46430
--------------------------------------------------------------------------------
Block #159
Seq_id	Strand	Start	End	Length
1	+	4243386	4299842	56457
2	-	1418380	1362119	56262
3	+	1022091	1080523	58433
4	-	2946868	2890294	56575
5	-	1041314	984875	56440
6	+	1321343	1377799	56457
7	+	1334730	1391257	56528
8	-	1439051	1382554	56498
9	-	3326261	3269943	56319
10	-	3162431	3105931	56501
11	-	2872240	2814327	57914
12	+	1392660	1449158	56499
--------------------------------------------------------------------------------
Block #160
Seq_id	Strand	Start	End	Length
1	-	997560	994548	3013
2	+	108890	111902	3013
3	-	3852648	3849636	3013
4	+	240677	243689	3013
5	+	108266	111278	3013
6	+	107533	110545	3013
7	+	106519	109531	3013
8	+	106580	109592	3013
9	+	307192	310204	3013
10	-	4307284	4304272	3013
11	-	4377578	4374566	3013
12	+	106519	109531	3013
--------------------------------------------------------------------------------
Block #161
Seq_id	Strand	Start	End	Length
1	+	1485317	1523108	37792
2	-	3895211	3857502	37710
3	+	250905	290760	39856
4	+	402678	440404	37727
5	+	3613093	3650801	37709
6	-	4276521	4238744	37778
7	-	4263310	4225539	37772
8	-	4249408	4211625	37784
9	+	469228	506971	37744
10	+	197196	234953	37758
11	-	3932474	3894753	37722
12	-	4323391	4285551	37841
--------------------------------------------------------------------------------
Block #162
Seq_id	Strand	Start	End	Length
1	+	4156456	4200078	43623
2	+	1418592	1462989	44398
3	+	651176	694798	43623
4	+	1135770	1179392	43623
5	-	1148489	1104843	43647
6	+	1234441	1278062	43622
7	+	1225730	1269355	43626
8	-	1525881	1482372	43510
9	-	3400385	3356764	43622
10	-	3269434	3225813	43622
11	-	2958019	2913546	44474
12	+	1283637	1327259	43623
--------------------------------------------------------------------------------
Block #163
Seq_id	Strand	Start	End	Length
1	+	3454125	3457662	3538
3	-	1591979	1588442	3538
4	+	2233493	2236499	3007
5	-	2090121	2086586	3536
6	-	2307691	2304154	3538
7	-	2304612	2301075	3538
8	+	2233317	2236854	3538
9	+	2511829	2515365	3537
10	-	1716307	1712770	3538
11	+	1226342	1229879	3538
12	+	2305817	2309354	3538
--------------------------------------------------------------------------------
Block #164
Seq_id	Strand	Start	End	Length
1	+	1195287	1234623	39337
2	-	4461669	4422421	39249
3	-	4659704	4618313	41392
4	-	4442815	4403546	39270
5	-	3823282	3782019	41264
6	-	4564472	4525192	39281
7	-	4551463	4512094	39370
8	-	4537698	4498243	39456
9	-	4511259	4471979	39281
10	-	4240051	4200682	39370
11	-	4357018	4317743	39276
--------------------------------------------------------------------------------
Block #165
Seq_id	Strand	Start	End	Length
1	-	3507295	3504663	2633
2	-	2615507	2612869	2639
3	+	1539520	1542152	2633
4	-	2283288	2280656	2633
6	+	2254521	2257153	2633
7	+	2254113	2256745	2633
8	-	2283819	2281187	2633
9	-	2562330	2559698	2633
10	+	1665806	1668438	2633
11	-	1278924	1276292	2633
12	-	2356318	2353686	2633
--------------------------------------------------------------------------------
Block #166
Seq_id	Strand	Start	End	Length
1	+	3371462	3382976	11515
2	-	2297442	2286798	10645
3	-	1662731	1651216	11516
4	+	2150711	2161938	11228
6	-	2390770	2379256	11515
7	-	2387671	2376157	11515
8	+	2150342	2161856	11515
9	+	2429000	2440227	11228
10	-	1799383	1787868	11516
11	+	1144754	1156282	11529
12	+	2222734	2234248	11515
--------------------------------------------------------------------------------
Block #167
Seq_id	Strand	Start	End	Length
1	-	3606003	3590102	15902
3	+	1336150	1352030	15881
4	-	2381998	2366098	15901
5	-	1734290	1718410	15881
6	+	2055042	2070943	15902
7	+	2054552	2070453	15902
8	-	2484062	2468161	15902
9	-	2761817	2745916	15902
10	-	2596944	2581043	15902
11	-	1481145	1465244	15902
12	-	2455055	2439153	15903
--------------------------------------------------------------------------------
Block #168
Seq_id	Strand	Start	End	Length
1	-	2949795	2945131	4665
2	+	1826679	1831343	4665
4	-	1580610	1575946	4665
5	+	2578695	2583359	4665
6	+	2812641	2817305	4665
7	+	2812114	2816778	4665
8	-	2796941	2792277	4665
9	-	1859529	1854865	4665
10	+	2374425	2379089	4665
11	+	2164849	2169513	4665
12	+	2764964	2769628	4665
--------------------------------------------------------------------------------
Block #169
Seq_id	Strand	Start	End	Length
1	-	2359884	2357420	2465
2	-	3337747	3335283	2465
3	+	2509164	2511628	2465
4	-	1311633	1309169	2465
6	+	3402182	3404646	2465
7	+	3399548	3402012	2465
8	+	3381541	3384005	2465
9	-	1592471	1590007	2465
10	-	1522393	1519929	2465
11	+	2427800	2430264	2465
12	+	3456586	3459050	2465
--------------------------------------------------------------------------------
Block #170
Seq_id	Strand	Start	End	Length
1	+	1234624	1237812	3189
2	-	4422420	4419232	3189
3	-	4618312	4615119	3194
4	-	4403545	4400356	3190
5	-	3782018	3778830	3189
6	-	4525191	4521998	3194
7	-	4512093	4508900	3194
8	-	4498242	4495049	3194
9	-	4471978	4468784	3195
10	-	4200681	4197488	3194
11	-	3870633	3867445	3189
--------------------------------------------------------------------------------
Block #171
Seq_id	Strand	Start	End	Length
1	+	3987653	3989964	2312
3	-	885282	882971	2312
4	+	2596615	2598926	2312
5	-	1500323	1498012	2312
6	-	1671418	1669107	2312
7	-	1688016	1685705	2312
8	-	1668630	1666319	2312
9	+	2976217	2978528	2312
10	+	2812278	2814589	2312
11	+	1693547	1695858	2312
12	-	1745923	1743612	2312
--------------------------------------------------------------------------------
Block #172
Seq_id	Strand	Start	End	Length
1	+	1624652	1641321	16670
3	+	3787349	3804018	16670
4	-	4293755	4277087	16669
5	-	4505628	4488959	16670
6	+	4000717	4017153	16437
7	+	3892525	3909194	16670
8	-	4109889	4093221	16669
9	-	302820	286152	16669
10	-	4089642	4072973	16670
11	+	216335	232995	16661
12	+	3952411	3969080	16670
--------------------------------------------------------------------------------
Block #173
Seq_id	Strand	Start	End	Length
1	+	3358983	3371461	12479
2	+	2489067	2501804	12738
3	-	1675210	1662732	12479
4	+	2138655	2150710	12056
6	-	2403249	2390771	12479
7	-	2400150	2387672	12479
8	+	2137863	2150341	12479
9	+	2416944	2428999	12056
10	-	1811862	1799384	12479
11	+	1131564	1144317	12754
12	+	2210255	2222733	12479
--------------------------------------------------------------------------------
Block #174
Seq_id	Strand	Start	End	Length
1	+	3209664	3212144	2481
3	-	1824682	1822202	2481
4	-	1868003	1865523	2481
5	-	2297118	2294601	2518
6	-	2552748	2550250	2499
7	-	2549639	2547159	2481
8	-	1773721	1771241	2481
9	-	2329110	2326630	2481
10	-	1962516	1960347	2170
11	+	983611	986063	2453
12	+	2060784	2063245	2462
--------------------------------------------------------------------------------
Block #175
Seq_id	Strand	Start	End	Length
1	+	1643549	1650320	6772
3	+	3806246	3813017	6772
4	-	4274859	4268086	6774
5	-	4486731	4479960	6772
6	+	4019381	4026152	6772
7	+	3911422	3918193	6772
8	-	4090993	4084222	6772
9	-	283924	277153	6772
10	-	4070745	4063974	6772
11	+	235211	241982	6772
12	+	3971308	3978079	6772
--------------------------------------------------------------------------------
Block #176
Seq_id	Strand	Start	End	Length
1	+	3621244	3628204	6961
3	-	1320909	1313948	6962
4	+	2397239	2404199	6961
5	+	1749245	1756205	6961
6	-	2039801	2032841	6961
7	-	2039168	2032209	6960
8	+	2499304	2506264	6961
9	+	2776915	2783875	6961
10	+	2612185	2619145	6961
11	+	1495814	1502774	6961
12	+	2470296	2477256	6961
--------------------------------------------------------------------------------
Block #177
Seq_id	Strand	Start	End	Length
1	+	1652368	1658582	6215
3	+	3815065	3821279	6215
4	-	4266038	4259824	6215
5	-	4477912	4471701	6212
6	+	4028200	4034414	6215
7	+	3920241	3926455	6215
8	-	4082174	4075960	6215
9	-	275106	268892	6215
10	-	4061926	4055712	6215
11	+	244030	250244	6215
12	+	3980127	3986341	6215
--------------------------------------------------------------------------------
Block #178
Seq_id	Strand	Start	End	Length
1	-	1668609	1660140	8470
3	-	4079494	4071010	8485
4	+	4249797	4258266	8470
5	+	4460350	4468820	8471
6	-	4044441	4035972	8470
7	-	3936497	3928013	8485
8	+	4065918	4074402	8485
9	+	258850	267334	8485
10	+	4045670	4054154	8485
11	-	260286	251802	8485
12	-	3996383	3987899	8485
--------------------------------------------------------------------------------
Block #179
Seq_id	Strand	Start	End	Length
1	-	448929	443085	5845
2	-	1111380	1105541	5840
3	-	3538519	3532675	5845
4	-	3830980	3825135	5846
5	+	3247753	3253597	5845
6	+	654921	660765	5845
7	+	650580	656425	5846
8	+	652768	658612	5845
9	-	3965618	3959774	5845
11	+	436877	442721	5845
12	+	708440	714284	5845
--------------------------------------------------------------------------------
Block #180
Seq_id	Strand	Start	End	Length
1	+	2971165	2974430	3266
2	-	1805312	1802041	3272
3	-	2222986	2219721	3266
4	+	1601911	1605176	3266
6	-	2791271	2788006	3266
7	-	2790743	2787478	3266
8	+	2818300	2821565	3266
9	+	1880830	1884095	3266
10	-	2353124	2349859	3266
11	-	2143477	2140212	3266
12	-	2743593	2740328	3266
--------------------------------------------------------------------------------
Block #181
Seq_id	Strand	Start	End	Length
1	-	3396535	3391739	4797
2	+	2273580	2278376	4797
4	-	2175495	2170699	4797
5	+	2147577	2152375	4799
6	+	2365697	2370493	4797
7	+	2362599	2367394	4796
8	-	2175414	2170618	4797
9	-	2453786	2448990	4797
10	+	1774309	1779105	4797
11	-	1168518	1163722	4797
12	-	2247807	2243011	4797
--------------------------------------------------------------------------------
Block #182
Seq_id	Strand	Start	End	Length
1	-	1339160	1337074	2087
3	+	4219108	4221193	2086
4	+	4294440	4296526	2087
5	+	3677128	3679214	2087
6	+	4418696	4420782	2087
7	+	4405525	4407611	2087
8	+	4391658	4393744	2087
9	-	4350448	4348362	2087
10	+	4090327	4092413	2087
11	+	3761088	3763174	2087
12	-	2881881	2879795	2087
--------------------------------------------------------------------------------
Block #183
Seq_id	Strand	Start	End	Length
1	-	3089772	3086204	3569
2	+	2683019	2686575	3557
3	+	1933826	1937394	3569
4	+	1975272	1978840	3569
5	+	2409172	2412740	3569
6	+	2672661	2676229	3569
7	-	1895810	1892242	3569
8	+	1884904	1888472	3569
10	+	2071114	2074682	3569
11	-	870880	867323	3558
12	-	1953735	1950167	3569
--------------------------------------------------------------------------------
Block #184
Seq_id	Strand	Start	End	Length
1	+	3212145	3214199	2055
3	-	1822201	1820155	2047
4	-	1865522	1863476	2047
6	-	2550249	2548195	2055
7	-	2547158	2545113	2046
8	-	1771240	1769194	2047
9	-	2326629	2324583	2047
10	-	1960346	1958300	2047
11	+	986064	988094	2031
12	+	2063246	2065292	2047
--------------------------------------------------------------------------------
Block #185
Seq_id	Strand	Start	End	Length
1	-	4531549	4527521	4029
3	+	3719619	3723647	4029
4	-	526447	522419	4029
5	+	3842889	3846917	4029
6	+	1127495	1131523	4029
7	-	875487	871459	4029
8	-	877597	873569	4029
9	+	3755569	3759597	4029
10	-	3675136	3671108	4029
12	+	881410	885438	4029
--------------------------------------------------------------------------------
Block #186
Seq_id	Strand	Start	End	Length
1	+	248349	277814	29466
3	+	3740717	3770141	29425
4	+	750513	779921	29409
5	+	3861630	3891099	29470
6	-	856932	827465	29468
7	-	855101	825660	29442
8	-	857209	827788	29422
9	+	3775956	3805389	29434
10	-	3654740	3625305	29436
12	+	901795	931261	29467
--------------------------------------------------------------------------------
Block #187
Seq_id	Strand	Start	End	Length
1	+	3382977	3391738	8762
2	-	2286797	2278377	8421
4	+	2161939	2170698	8760
6	-	2379255	2370494	8762
7	-	2376156	2367395	8762
8	+	2161857	2170617	8761
9	+	2440228	2448989	8762
10	-	1787867	1779106	8762
11	+	1156283	1163721	7439
12	+	2234249	2243010	8762
--------------------------------------------------------------------------------
Block #188
Seq_id	Strand	Start	End	Length
1	+	4232562	4243385	10824
3	+	1223503	1234604	11102
4	+	1209912	1221012	11101
5	-	1074217	1063116	11102
6	+	1310546	1321342	10797
7	+	1301833	1312934	11102
8	-	1449874	1439052	10823
10	-	3195329	3184228	11102
11	-	2883064	2872241	10824
12	+	1359756	1370857	11102
--------------------------------------------------------------------------------
Block #189
Seq_id	Strand	Start	End	Length
1	+	4513116	4523059	9944
3	-	3738764	3728821	9944
4	+	508013	517956	9944
5	-	3861629	3851380	10250
6	-	1145928	1135985	9944
7	+	857054	866997	9944
8	+	859162	869107	9946
9	-	3774003	3764060	9944
10	+	3656693	3666636	9944
12	-	899842	889900	9943
--------------------------------------------------------------------------------
Block #190
Seq_id	Strand	Start	End	Length
1	+	279866	294054	14189
3	+	3772193	3786405	14213
4	+	786399	800348	13950
5	+	3897577	3911777	14201
6	-	825414	811226	14189
7	-	819184	804995	14190
8	-	821311	807121	14191
9	+	3811867	3825817	13951
10	-	3618827	3604878	13950
12	+	937739	951927	14189
--------------------------------------------------------------------------------
Block #191
Seq_id	Strand	Start	End	Length
1	+	30498	34210	3713
3	+	343365	347096	3732
4	+	834466	838227	3762
5	+	3944468	3948210	3743
6	-	1074776	1071064	3713
7	+	1679618	1683369	3752
8	+	930281	934013	3733
9	-	3702883	3699142	3742
10	-	3570759	3566968	3792
12	+	1737545	1741276	3732
--------------------------------------------------------------------------------
Block #192
Seq_id	Strand	Start	End	Length
1	+	4536037	4550626	14590
3	-	3715130	3700542	14589
4	+	530936	545525	14590
5	-	3838400	3823812	14589
6	-	1123006	1108418	14589
7	+	879975	894564	14590
8	+	882085	896674	14590
9	-	3751080	3736520	14561
10	+	3679624	3694213	14590
12	-	876921	862333	14589
--------------------------------------------------------------------------------
Block #193
Seq_id	Strand	Start	End	Length
1	+	3196380	3198782	2403
4	-	1872545	1870143	2403
5	-	2301660	2299258	2403
6	-	2566032	2563630	2403
7	-	2554181	2551779	2403
8	-	1778263	1775861	2403
9	-	2333652	2331250	2403
10	-	1967058	1964656	2403
11	+	978422	980824	2403
12	+	2056246	2058644	2399
--------------------------------------------------------------------------------
Block #194
Seq_id	Strand	Start	End	Length
1	-	3095304	3093079	2226
2	+	2677487	2679712	2226
3	+	1928294	1930519	2226
5	+	2403640	2405865	2226
6	+	2667129	2669354	2226
7	-	1901342	1899117	2226
8	+	1879372	1881597	2226
11	-	876412	874187	2226
12	-	1959267	1957042	2226
--------------------------------------------------------------------------------
Block #195
Seq_id	Strand	Start	End	Length
3	-	3726677	3724646	2032
4	+	519200	521420	2221
5	-	3850149	3847916	2234
6	-	1134754	1132522	2233
7	+	868241	870460	2220
8	+	870351	872570	2220
9	-	3762829	3760596	2234
10	+	3667880	3670109	2230
12	-	888669	886437	2233
--------------------------------------------------------------------------------
Block #196
Seq_id	Strand	Start	End	Length
1	-	305587	294994	10594
2	-	221849	211382	10468
3	-	3393135	3382653	10483
5	+	3387168	3397589	10422
6	+	799705	810286	10582
7	+	793485	804054	10570
8	+	795643	806181	10539
12	+	851305	861879	10575
--------------------------------------------------------------------------------
Block #197
Seq_id	Strand	Start	End	Length
2	+	2641561	2645394	3834
3	-	1510430	1506596	3835
5	-	1883481	1879647	3835
6	-	2225395	2221561	3835
7	-	2224963	2221129	3835
8	+	2312940	2316771	3832
9	+	2591403	2595237	3835
11	+	1309511	1313322	3812
--------------------------------------------------------------------------------
Block #198
Seq_id	Strand	Start	End	Length
2	-	2246627	2163628	83000
3	-	1506434	1419996	86439
5	-	1878162	1793661	84502
6	-	2221399	2136917	84483
7	-	2220967	2136485	84483
8	+	2316933	2401417	84485
9	+	2595399	2679881	84483
11	+	1313484	1399282	85799
--------------------------------------------------------------------------------
Block #199
Seq_id	Strand	Start	End	Length
2	-	2641560	2631769	9792
3	+	1511482	1521294	9813
5	+	1884533	1894344	9812
6	+	2226447	2236266	9820
7	+	2226015	2235840	9826
8	-	2311888	2302047	9842
9	-	2590351	2580540	9812
11	-	1308459	1298640	9820
--------------------------------------------------------------------------------
Block #200
Seq_id	Strand	Start	End	Length
2	-	136011	133492	2520
3	+	4029692	4032343	2652
4	-	506552	503894	2659
5	-	252856	250206	2651
9	-	573052	570401	2652
10	+	3898696	3901354	2659
11	+	4277185	4279836	2652
--------------------------------------------------------------------------------
Block #201
Seq_id	Strand	Start	End	Length
4	-	784329	781973	2357
5	-	3895507	3893151	2357
7	+	821252	823609	2358
8	+	823380	825737	2358
9	-	3809797	3807441	2357
10	+	3620896	3623253	2358
12	-	935669	933313	2357
--------------------------------------------------------------------------------
Block #202
Seq_id	Strand	Start	End	Length
3	+	1234605	1253741	19137
4	+	1221013	1240143	19131
5	-	1063115	1043980	19136
7	+	1312935	1332065	19131
10	-	3184227	3165097	19131
12	+	1370858	1389994	19137
--------------------------------------------------------------------------------
Block #203
Seq_id	Strand	Start	End	Length
2	-	2450563	2448251	2313
5	+	2189584	2191886	2303
11	-	1094484	1092174	2311
--------------------------------------------------------------------------------
Block #204
Seq_id	Strand	Start	End	Length
2	+	3542285	3549538	7254
11	+	3268349	3275726	7378
--------------------------------------------------------------------------------
Block #205
Seq_id	Strand	Start	End	Length
1	+	3199001	3208733	9733
6	-	2563411	2553679	9733
--------------------------------------------------------------------------------
