29921994
29868823
29868822
29921990
29868814
29867958
29867959
29867960
29867961
29921984
29921983
29867425
29867424
29867423
29868810
29921976
29921975
29921974
29921973
29921972
29921971
29868807
29868806
29868805
29868803
29868802
29868801
29868800
29868799
29868798
29868797
29868795
29868794
29868793
29868792
29868791
29868790
29868789
29916412
29916409
29916407
29868788
29868786
29868785
29868783
29868781
29868780
29868779
29868778
29868764
29868765
29868766
29921930
29868759
29868758
29868757
29868755
29868754
29868752
29868751
29868750
29868748
29868747
29868746
29868745
29868744
29868743
29868742
29868741
29868739
29868738
29868737
29868736
29868735
29868734
29868733
29868732
29868731
29868730
29868729
29868728
29868727
29868726
29868724
29868723
29868722
29868721
29868720
29868719
29868715
29868714
29866158
29866161
29866162
29918092
29866166
29866167
29866170
29866171
29866173
29866174
29866176
29866177
29866179
29866180
29918108
29866181
29866182
29866184
29866185
29866187
29866188
29866189
29866191
29866193
29866194
29866196
29866197
29866198
29866199
29866200
