29867087
29867086
29867085
29867084
29867083
29867082
29867081
29867080
29867079
29867078
29867077
29867075
29867073
29867072
29867070
29867069
29867068
29867067
29867065
29867064
29867059
29867058
29867055
29867054
29867053
29867052
29867050
29867049
29867048
29867047
29922296
29867046
29867044
29867043
29867042
29867041
29867040
29867039
29867038
29867037
29867033
29867030
29867029
29867028
29867027
29867026
29867025
29867024
29867022
29867021
29867020
29867019
29922270
29867018
29867017
29867016
29867015
29922264
29922263
29922262
29922261
29922260
29916637
29867011
29867010
29867009
29867008
29867005
29867004
29867003
29867002
29867001
29866995
29866994
29866993
29866992
29866990
29866989
29866988
29866987
29866985
29866983
29866982
29866981
29922224
29866979
29866978
29866977
29866976
29866975
29866974
29922217
29922216
29922215
29922213
29922212
29922211
29922210
29922209
29866970
29866968
29866966
29866963
29866962
29866961
29866959
29866958
29866957
29866955
29866954
29866953
29866952
29866948
29866946
29866944
29922180
29922179
29922178
29922176
29922175
29922173
29922172
29916579
29922168
29922167
29922166
29866942
29866941
29866939
29866938
29866937
29866936
29866935
29866932
29866931
29866930
29866929
29866928
29866927
29866925
29866922
29866921
29866920
29866919
29868055
29868056
29868058
29922063
29868063
29868064
29868068
29922068
29922069
29868069
29868070
29868072
29868073
29868074
29868076
29868077
29868078
29868080
29868081
29868083
29868084
29868086
29868093
29868094
29868096
29868097
29868098
29868100
29868101
29868102
29868103
29868104
29868105
29868108
29868109
29868110
29868111
29868113
29868114
29868116
29868117
29868118
29868120
29868123
29868125
29868126
29868127
29868128
29868129
29868130
29868131
29868132
29868133
29868136
29868137
29868138
29868139
29868140
29868141
29868142
29868143
29868144
29868146
29866606
29866605
29866604
29866603
29866601
29866600
