. Sequence file : [1p_copy.fasta]

. Model of nucleotides substitution : HKY85

. Initial tree : [BioNJ]


. Data	Nb of 	Likelihood	Discrete   	Number of 	Gamma shape	Proportion of	Transition/ 	Nucleotides frequencies               	
  set	taxa	loglk     	gamma model	categories	parameter  	invariant    	transversion	f(A)      f(C)      f(G)      f(T)    	

  #1	16   	-319435.63049	Yes        	4        	0.021    	0.000    	7.732     	 0.24654   0.22997   0.26263   0.26085	

  #2	16   	-319327.62797	Yes        	4        	0.019    	0.000    	7.821     	 0.24667   0.23004   0.26393   0.25936	

  #3	16   	-318704.31926	Yes        	4        	0.022    	0.000    	7.486     	 0.24594   0.22965   0.26431   0.26009	

  #4	16   	-319382.03219	Yes        	4        	0.017    	0.000    	7.697     	 0.24659   0.23041   0.26373   0.25926	

  #5	16   	-319957.88530	Yes        	4        	0.015    	0.000    	7.451     	 0.24733   0.23052   0.26280   0.25935	

  #6	16   	-319001.82622	Yes        	4        	0.019    	0.000    	7.701     	 0.24651   0.22971   0.26426   0.25952	

  #7	16   	-318858.67057	Yes        	4        	0.021    	0.000    	6.678     	 0.24695   0.22894   0.26509   0.25901	

  #8	16   	-319097.60639	Yes        	4        	0.021    	0.000    	7.529     	 0.24799   0.22922   0.26258   0.26022	

  #9	16   	-319547.41619	Yes        	4        	0.021    	0.000    	8.450     	 0.24527   0.23049   0.26488   0.25935	

  #10	16   	-319321.48137	Yes        	4        	0.017    	0.000    	6.413     	 0.24774   0.23011   0.26324   0.25892	

  #11	16   	-319284.68924	Yes        	4        	0.019    	0.000    	7.544     	 0.24662   0.23078   0.26377   0.25883	

  #12	16   	-319840.09549	Yes        	4        	0.021    	0.000    	7.531     	 0.24714   0.23126   0.26363   0.25797	

  #13	16   	-319505.14678	Yes        	4        	0.021    	0.000    	7.237     	 0.24836   0.23055   0.26200   0.25909	

  #14	16   	-320194.50337	Yes        	4        	0.021    	0.000    	6.462     	 0.24602   0.23252   0.26291   0.25855	

  #15	16   	-319611.94070	Yes        	4        	0.021    	0.000    	7.391     	 0.24797   0.23040   0.26286   0.25877	

  #16	16   	-319299.52720	Yes        	4        	0.021    	0.000    	7.237     	 0.24750   0.23019   0.26390   0.25841	

  #17	16   	-319996.12918	Yes        	4        	0.019    	0.000    	7.135     	 0.24675   0.23187   0.26279   0.25859	

  #18	16   	-319552.97395	Yes        	4        	0.021    	0.000    	7.411     	 0.24721   0.23064   0.26194   0.26022	

  #19	16   	-319209.06196	Yes        	4        	0.021    	0.000    	8.073     	 0.24669   0.23097   0.26202   0.26032	

  #20	16   	-319008.04737	Yes        	4        	0.017    	0.000    	8.037     	 0.24821   0.22912   0.26188   0.26079	

  #21	16   	-319482.61514	Yes        	4        	0.021    	0.000    	7.173     	 0.24713   0.23053   0.26315   0.25919	

  #22	16   	-319163.23680	Yes        	4        	0.017    	0.000    	8.200     	 0.24693   0.22981   0.26274   0.26052	

  #23	16   	-319349.38701	Yes        	4        	0.021    	0.000    	7.221     	 0.24647   0.23067   0.26256   0.26030	

  #24	16   	-319880.56718	Yes        	4        	0.021    	0.000    	6.753     	 0.24671   0.23075   0.26336   0.25917	

  #25	16   	-318966.61994	Yes        	4        	0.017    	0.000    	8.084     	 0.24584   0.22996   0.26470   0.25950	

  #26	16   	-319273.04421	Yes        	4        	0.016    	0.000    	7.933     	 0.24825   0.22866   0.26281   0.26028	

  #27	16   	-319340.72426	Yes        	4        	0.021    	0.000    	7.067     	 0.24768   0.23155   0.26294   0.25782	

  #28	16   	-319331.70476	Yes        	4        	0.021    	0.000    	7.066     	 0.24779   0.23093   0.26291   0.25837	

  #29	16   	-319421.82570	Yes        	4        	0.016    	0.000    	8.395     	 0.25014   0.22892   0.26346   0.25747	

  #30	16   	-319834.61008	Yes        	4        	0.017    	0.000    	6.109     	 0.24516   0.23028   0.26376   0.26080	

  #31	16   	-319129.82957	Yes        	4        	0.017    	0.000    	7.915     	 0.24810   0.22902   0.26294   0.25995	

  #32	16   	-319473.80193	Yes        	4        	0.021    	0.000    	7.005     	 0.24522   0.23016   0.26496   0.25966	

  #33	16   	-319776.89669	Yes        	4        	0.019    	0.000    	8.283     	 0.24540   0.23056   0.26443   0.25962	

  #34	16   	-319546.82663	Yes        	4        	0.021    	0.000    	7.058     	 0.24834   0.22908   0.26394   0.25863	

  #35	16   	-319220.54385	Yes        	4        	0.021    	0.000    	8.821     	 0.24781   0.23081   0.26219   0.25918	

  #36	16   	-319450.24646	Yes        	4        	0.021    	0.000    	8.617     	 0.24596   0.23016   0.26485   0.25904	

  #37	16   	-319327.71252	Yes        	4        	0.021    	0.000    	8.009     	 0.24641   0.23064   0.26275   0.26019	

  #38	16   	-319446.11708	Yes        	4        	0.021    	0.000    	8.113     	 0.24724   0.22971   0.26306   0.25999	

  #39	16   	-319308.26367	Yes        	4        	0.021    	0.000    	7.528     	 0.24713   0.22979   0.26347   0.25962	

  #40	16   	-319203.31512	Yes        	4        	0.021    	0.000    	8.612     	 0.24737   0.23142   0.26266   0.25854	

  #41	16   	-319477.59410	Yes        	4        	0.019    	0.000    	7.950     	 0.24712   0.22927   0.26347   0.26014	

  #42	16   	-319327.13792	Yes        	4        	0.016    	0.000    	7.157     	 0.24595   0.23105   0.26361   0.25939	

  #43	16   	-319962.86190	Yes        	4        	0.021    	0.000    	7.058     	 0.24663   0.23014   0.26213   0.26110	

  #44	16   	-319965.82015	Yes        	4        	0.021    	0.000    	7.479     	 0.24795   0.23162   0.26123   0.25920	

  #45	16   	-319817.88405	Yes        	4        	0.021    	0.000    	7.406     	 0.24661   0.23115   0.26346   0.25877	

  #46	16   	-319018.90491	Yes        	4        	0.017    	0.000    	7.261     	 0.24798   0.22986   0.26360   0.25856	

  #47	16   	-319341.18213	Yes        	4        	0.021    	0.000    	7.217     	 0.24665   0.23008   0.26441   0.25885	

  #48	16   	-319657.26728	Yes        	4        	0.016    	0.000    	6.578     	 0.24841   0.22976   0.26252   0.25930	

  #49	16   	-319292.41864	Yes        	4        	0.021    	0.000    	6.930     	 0.24644   0.23066   0.26472   0.25817	

  #50	16   	-319240.24027	Yes        	4        	0.021    	0.000    	7.115     	 0.24949   0.22925   0.26293   0.25832	

  #51	16   	-319271.31806	Yes        	4        	0.021    	0.000    	6.982     	 0.24623   0.23004   0.26461   0.25913	

  #52	16   	-319149.17781	Yes        	4        	0.021    	0.000    	7.859     	 0.24753   0.23078   0.26344   0.25825	

  #53	16   	-320128.99648	Yes        	4        	0.019    	0.000    	6.702     	 0.24729   0.23199   0.26131   0.25941	

  #54	16   	-319585.88642	Yes        	4        	0.021    	0.000    	7.068     	 0.24673   0.23028   0.26377   0.25921	

  #55	16   	-319095.13260	Yes        	4        	0.021    	0.000    	7.862     	 0.24779   0.23084   0.26234   0.25903	

  #56	16   	-320049.62133	Yes        	4        	0.021    	0.000    	7.141     	 0.24793   0.23012   0.26215   0.25979	

  #57	16   	-319603.93555	Yes        	4        	0.021    	0.000    	8.209     	 0.24689   0.23062   0.26264   0.25985	

  #58	16   	-319117.18885	Yes        	4        	0.021    	0.000    	7.106     	 0.24668   0.23110   0.26258   0.25964	

  #59	16   	-320151.86774	Yes        	4        	0.019    	0.000    	7.877     	 0.24715   0.23015   0.26178   0.26093	

  #60	16   	-318650.45507	Yes        	4        	0.017    	0.000    	8.034     	 0.24754   0.22935   0.26339   0.25972	

  #61	16   	-319351.22688	Yes        	4        	0.021    	0.000    	7.753     	 0.24714   0.23091   0.26312   0.25883	

  #62	16   	-318961.76031	Yes        	4        	0.021    	0.000    	7.811     	 0.24661   0.23033   0.26343   0.25963	

  #63	16   	-319779.46470	Yes        	4        	0.021    	0.000    	8.233     	 0.24656   0.22994   0.26431   0.25919	

  #64	16   	-319636.27609	Yes        	4        	0.017    	0.000    	6.945     	 0.24773   0.23069   0.26395   0.25764	

  #65	16   	-320035.03349	Yes        	4        	0.021    	0.000    	7.000     	 0.24922   0.22894   0.26277   0.25907	

  #66	16   	-319611.67272	Yes        	4        	0.021    	0.000    	7.171     	 0.24770   0.22976   0.26246   0.26008	

  #67	16   	-319379.04451	Yes        	4        	0.017    	0.000    	7.571     	 0.24685   0.22921   0.26288   0.26106	

  #68	16   	-318812.70342	Yes        	4        	0.017    	0.000    	8.593     	 0.24563   0.23156   0.26326   0.25955	

  #69	16   	-319770.96001	Yes        	4        	0.021    	0.000    	8.257     	 0.24760   0.23125   0.26194   0.25921	

  #70	16   	-319359.70547	Yes        	4        	0.017    	0.000    	7.673     	 0.24520   0.23240   0.26305   0.25935	

  #71	16   	-319338.59509	Yes        	4        	0.021    	0.000    	7.845     	 0.24731   0.23128   0.26114   0.26027	

  #72	16   	-319326.19717	Yes        	4        	0.021    	0.000    	7.670     	 0.24862   0.23088   0.26161   0.25890	

  #73	16   	-319867.83216	Yes        	4        	0.017    	0.000    	7.149     	 0.24786   0.23023   0.26214   0.25976	

  #74	16   	-319560.28778	Yes        	4        	0.017    	0.000    	6.797     	 0.24780   0.23083   0.26319   0.25818	

  #75	16   	-319684.16333	Yes        	4        	0.021    	0.000    	6.789     	 0.24712   0.23246   0.26158   0.25884	

  #76	16   	-319472.30529	Yes        	4        	0.021    	0.000    	6.905     	 0.24664   0.22991   0.26334   0.26011	

  #77	16   	-319441.50955	Yes        	4        	0.021    	0.000    	7.257     	 0.24804   0.23132   0.26166   0.25899	

  #78	16   	-319710.41978	Yes        	4        	0.017    	0.000    	7.377     	 0.24707   0.23114   0.26376   0.25802	

  #79	16   	-319306.97973	Yes        	4        	0.021    	0.000    	7.327     	 0.24709   0.23056   0.26242   0.25993	

  #80	16   	-319470.74025	Yes        	4        	0.021    	0.000    	7.187     	 0.24558   0.23139   0.26174   0.26128	

  #81	16   	-319582.09827	Yes        	4        	0.021    	0.000    	7.813     	 0.24746   0.23060   0.26356   0.25838	

  #82	16   	-319831.12107	Yes        	4        	0.021    	0.000    	7.078     	 0.24773   0.23118   0.26090   0.26019	

  #83	16   	-319493.86397	Yes        	4        	0.021    	0.000    	8.422     	 0.24842   0.22895   0.26296   0.25968	

  #84	16   	-319071.29743	Yes        	4        	0.017    	0.000    	7.009     	 0.24632   0.23048   0.26341   0.25979	

  #85	16   	-319969.04809	Yes        	4        	0.016    	0.000    	8.197     	 0.24740   0.23116   0.26259   0.25885	

  #86	16   	-319478.03733	Yes        	4        	0.021    	0.000    	7.453     	 0.24657   0.22962   0.26323   0.26058	

  #87	16   	-319157.66929	Yes        	4        	0.021    	0.000    	8.284     	 0.24695   0.23209   0.26346   0.25750	

  #88	16   	-319050.32175	Yes        	4        	0.017    	0.000    	6.878     	 0.24666   0.23150   0.26289   0.25895	

  #89	16   	-319718.51908	Yes        	4        	0.021    	0.000    	7.953     	 0.24643   0.23051   0.26401   0.25906	

  #90	16   	-319378.84027	Yes        	4        	0.021    	0.000    	7.027     	 0.24549   0.23028   0.26319   0.26104	

  #91	16   	-319436.03893	Yes        	4        	0.021    	0.000    	6.717     	 0.24879   0.23064   0.26235   0.25822	

  #92	16   	-319301.86681	Yes        	4        	0.021    	0.000    	7.931     	 0.24715   0.22974   0.26324   0.25986	

  #93	16   	-320078.66913	Yes        	4        	0.017    	0.000    	7.039     	 0.24826   0.23223   0.26256   0.25695	

  #94	16   	-319156.45516	Yes        	4        	0.021    	0.000    	6.501     	 0.24772   0.22985   0.26390   0.25853	

  #95	16   	-319475.61806	Yes        	4        	0.017    	0.000    	8.230     	 0.24606   0.23230   0.26235   0.25929	

  #96	16   	-319242.18882	Yes        	4        	0.017    	0.000    	8.278     	 0.24631   0.23026   0.26293   0.26050	

  #97	16   	-320249.56719	Yes        	4        	0.017    	0.000    	6.833     	 0.24759   0.23100   0.26054   0.26087	

  #98	16   	-319019.57068	Yes        	4        	0.021    	0.000    	8.143     	 0.24759   0.22943   0.26307   0.25991	

  #99	16   	-319767.69220	Yes        	4        	0.021    	0.000    	7.756     	 0.24663   0.23123   0.26156   0.26058	

  #100	16   	-319946.93333	Yes        	4        	0.021    	0.000    	7.300     	 0.24697   0.23018   0.26220   0.26065	

