>NC_017160
+124 +1 -81 +20 -22 +160 -98 -156 +87 +37 +46 -12 -2 +59 -42 -38 +110 +75 -148 +45 +61 -34 +54 -65 +79 -114 -64 -120 +179 +15 -47 +196 -190 -2 +201 -2 -186 +189 +195 -185 +192 -74 -96 +48 +4 +3 +191 +71 +134 -43 -8 +119 +108 +29 -88 -149 +90 -127 +102 +133 -77 -159 -188 -137 -162 +150 +116 +140 -143 +1 +126 +31 +78 -145 +4 +3 +53 -171 -128 -60 -28 -184 -174 -193 -92 -107 +35 +36 -99 +194 +136 +183 +86 +18 +125 +89 -97 +130 -50 +153 +39 +106 +135 +173 +166 +187 -181 -109 +51 +163 -62 +91 -165 +157 -199 +197 +198 +117 -167 -139 +25 +176 -49 +131 -32 -13 -2 +144 +112 -132 +122 -84 -41 +10 +68 -168 -33 +180 +19 +147 +23 +40 -141 -155 -152 -83 +76 -115 +142 -73 -55 -146 -58 +105 +30 +52 -26 +169 +27 -63 +100 -138 +111 -72 +151 -66 -16 -21 +101 -24 -1 +123 -94 +9 -113 +82 -154 +80 +95 -85 +158 -11 +178 -177 -5 -175 -5 -172 -67 +93 -1 -14 +104 +118 -1 +70 -161 -56 -1 +69 -57 +182 +129 -121 -170 -164 -7 +17 +44 -103 $
>AL590842
+124 +1 -81 +20 -22 +160 -98 -156 +87 +37 +46 -12 -2 +59 -42 -38 +110 +75 -148 +45 +61 -34 +54 -65 +79 -114 -64 -120 +179 +15 -47 +196 -190 -2 -186 +88 -29 -108 -119 +8 +43 -134 -71 -53 -191 -3 -4 -48 +96 +74 -192 +185 -195 -189 +150 +116 +140 -143 +1 +126 +162 +137 +188 +159 +77 -133 -102 +127 -90 +149 +31 +78 -145 +4 +3 -171 -128 -130 +97 -89 -125 -18 +147 -122 +132 -112 -144 +2 +13 +32 -131 +49 -176 -25 +139 +167 -117 -198 -197 +199 -157 +165 -91 +62 -163 -51 +109 +181 -187 -166 -173 -135 -106 -39 -153 +50 -60 -28 -184 -174 -205 -193 -92 -107 +35 +36 -99 +194 +136 +183 +86 -19 -180 +33 +168 -68 -10 +41 +84 +23 +40 -141 -155 -105 +58 +146 +55 +73 -142 +115 -76 +83 +152 +30 +52 -26 +169 +27 -63 +100 -138 +111 -72 +151 -66 -16 -21 +101 -24 -1 +123 -94 +9 -113 +82 -154 +80 +95 -85 +158 +172 +5 +175 +5 +177 -178 +11 -67 +93 -1 -14 +104 +118 -1 +70 -161 -56 -1 +69 -57 +182 +129 -121 -170 -164 -7 +17 +44 -103 $
>NC_005810
+124 +1 -81 +20 -22 +160 -98 -156 +87 +37 +1 -200 -82 +113 -9 +94 +46 -12 -2 +59 -42 -38 +110 +85 -95 -80 +154 -123 +1 +24 -101 +21 +16 +66 -151 +72 -111 +138 -100 +63 -73 +31 -77 -159 -202 -188 -137 -162 +141 -40 -23 +55 -149 +90 -127 +102 +133 +78 -145 +4 +3 -171 -128 -130 +97 -89 -125 -18 -131 +117 -167 -139 +25 +176 -49 -198 -197 +199 +32 -112 -144 +2 +13 -157 -91 +62 -163 -51 +109 +181 -135 +203 -106 -39 -153 +50 -60 -28 -174 -193 -92 -107 +35 +36 -99 +194 +136 +183 +86 -132 +122 -147 -19 +33 +168 -68 -10 +41 +84 -146 -58 +105 -155 -152 -83 +52 -26 +27 -142 +115 -76 -30 -126 -1 +143 -140 -116 +29 -88 +150 -64 -120 +179 +15 -47 +196 -67 +93 -1 -14 +104 +57 -69 -1 +56 +161 -70 -1 -118 +182 +129 -121 -170 -164 -192 +185 -195 -189 +186 +2 -201 +2 +190 -74 -96 +48 +4 +3 +191 +53 +71 +134 -43 -108 -119 +8 +114 +79 +65 -54 +34 -61 -45 +148 -75 +158 -11 +178 -177 -5 -175 -5 -172 -7 +17 +44 -103 $
>CP001593
+124 +1 -81 +20 -22 +160 -98 -156 +87 +37 +46 -12 -2 +59 -42 -38 +110 +75 -148 +45 +61 -34 +54 -65 +79 -114 -64 -120 +179 +15 -47 +196 -192 +185 -195 -189 +186 +2 -201 +2 +190 -74 -96 +48 +4 +3 +53 +71 +134 -43 -8 +119 +108 +29 -88 +150 +116 +140 -143 +1 +126 +162 +137 +188 +202 +159 +77 -133 -102 +127 -90 +149 +31 +78 -145 +4 +3 +191 -171 -128 -130 +97 -89 -125 -18 -86 -183 -136 -194 +99 -36 -35 +107 +92 +193 +174 +184 +28 +60 -50 +153 +39 +106 +135 +173 +166 +187 -181 -109 +51 +163 -62 +91 -165 +157 +117 -167 -139 +25 +176 -49 +131 -32 -13 -2 +144 +112 -132 +122 -147 -19 -180 +33 +168 -68 +121 -129 -182 -6 -10 +41 +84 +23 +40 -141 -155 -152 -83 +76 -115 +142 -73 -55 -146 -58 +105 +30 +52 -26 +169 +27 -63 +100 -138 +111 -72 +151 -66 -16 -21 +101 -24 -1 +123 -94 +9 -113 +82 -154 +80 +172 +5 +175 +5 +177 -178 +11 -158 +85 -95 -67 +93 -1 -14 +104 +118 -1 +70 -161 -56 -1 +69 -57 -7 +17 +44 -103 $
>NC_017168
-96 +48 +4 +3 +191 +53 +71 +134 -43 -8 +119 +108 +29 -88 +186 +2 +190 -196 +47 -15 -179 +120 +64 +114 -79 +65 -54 +34 -61 -45 +148 -75 -110 +38 +42 -59 +2 +12 -46 -37 -87 +156 +98 -160 +22 -20 +81 -1 -124 +103 -44 -17 +7 +164 +170 +121 -129 -182 -6 +57 -69 +1 +56 +161 -70 +1 -118 -104 +14 +1 -93 +67 +172 +5 +175 +5 +177 -178 +11 -158 +85 -95 -80 +154 -82 +113 -9 +94 -123 +1 +24 -101 +21 +16 +66 -151 +72 -111 +138 -100 +63 -27 -169 +26 -52 -30 +73 -142 +115 -76 +83 +152 -55 -146 -58 +105 +155 +141 -40 -23 -84 -41 +10 +68 -168 -33 +180 +19 -86 -183 -136 -194 +99 -36 -35 +107 +92 +193 +205 +174 +184 +28 +60 -50 +153 +39 +106 +135 +173 +166 +187 -181 -109 +51 +163 -62 +91 -165 +157 +117 -167 -139 +25 +176 -49 +131 -32 -13 -2 +144 +112 -132 +122 -147 +18 +125 +89 -97 +130 +128 +171 -3 -4 +145 -78 -31 -90 +149 +162 +137 +188 +159 +77 -133 -102 +127 -126 -1 +143 -140 -116 -150 +189 -185 +192 -74 $
>NC_010159
+124 +1 -81 +20 -22 +160 -98 -69 +1 -200 -71 -53 -3 -4 -48 +96 +74 -196 +47 +141 +40 +84 -146 -147 -76 +83 +14 +1 +56 +37 +1 -93 -12 -2 +59 -85 -110 +38 -54 +34 -61 -45 +148 +9 -113 +82 -15 -179 +120 +64 +158 -11 +75 -100 +63 -73 -42 -159 +162 +137 +77 -133 -102 +127 -90 -49 +131 +18 -19 -180 +33 +168 -68 -10 +41 -23 +55 -70 +1 -58 +105 +31 +149 -25 +139 -117 -198 -50 +153 +39 +181 -187 -166 -35 +107 -28 -92 +60 +106 -203 +135 +173 -36 -109 +51 -62 +91 -165 +157 -199 +197 -99 +194 +136 +183 +86 -32 -126 +52 -104 +132 +112 -30 -111 +138 +94 +114 -79 +65 -145 +3 -128 -130 +97 -72 +151 -125 -115 +142 -27 -169 +26 +140 +66 +89 +78 -116 -150 +88 -29 -21 +101 +204 +134 +108 -16 +118 -1 +143 -24 -1 +123 +122 -144 +2 +13 -155 -152 -161 -87 -7 +17 +156 -43 -8 +119 -57 -67 -46 -95 -80 +154 -129 -121 -170 -164 +44 -103 $
>NC_017265
+124 +1 -93 +67 +87 +37 -22 +160 -98 -156 +57 -69 +1 +56 +161 -70 +1 -118 -104 +14 +1 -200 +189 +195 -185 +192 +95 -85 -110 +38 +42 -59 +2 +12 -46 +186 +2 -201 +2 +190 -74 -96 +48 +4 +3 +191 +53 +71 +134 -43 -8 +119 +108 +29 -88 +150 +116 +140 -143 +1 +126 +162 +137 +188 +202 -115 +142 -27 -169 +26 -52 -30 -105 +58 +146 -84 -41 +10 +68 -168 -33 +180 +19 +147 -122 +132 -112 -144 +2 +13 -153 +50 -60 -28 -184 -174 -193 -92 -107 +35 +36 -99 +136 +183 +86 -32 +39 +106 +135 +173 +166 +187 -181 -109 +51 +163 -62 +91 -165 +157 +117 -167 -139 +25 +176 -49 +131 +18 +125 +89 -97 +130 +128 +171 -3 -4 +145 -78 -31 -149 +90 -127 +102 +133 -77 -159 -76 +83 +152 +155 +141 -40 -23 +55 +73 -63 +100 -138 +111 -72 +151 -66 -16 -21 +101 -24 -1 +123 -94 +9 -113 +82 -154 +80 +47 -15 -179 +120 -34 +54 -65 +79 -114 -64 -61 -45 +148 -75 -20 +81 -1 +158 -11 +178 -177 -5 -175 -5 -172 +182 +129 -121 -170 -164 -7 +17 +44 -103 $
>NC_017154
+124 +1 -81 +20 -22 +160 -98 -156 +87 +37 +46 -12 -2 +59 -42 -38 +110 +75 -148 +45 +61 -34 +54 -65 +79 -114 -64 -120 +179 +15 -47 +196 -190 -2 +201 -2 -186 +189 +195 -185 +192 -74 -96 +48 +4 +3 +53 +71 +134 -43 -8 +119 +108 +29 -88 +150 +116 +140 -143 +1 +126 +162 +137 +188 +202 +159 +77 -133 -102 +127 -90 +149 +31 +78 -145 +4 +3 +191 -171 -128 -130 +97 -89 -125 -18 -86 -183 -136 -194 +99 +32 -131 +49 -176 -25 +139 +167 -117 -198 -197 +199 -157 +165 -91 +62 -163 -51 +109 +181 -187 -166 -173 -135 -106 -39 -153 +50 -60 -28 -184 -174 -193 -92 -107 +35 +36 -13 -2 +144 +112 -132 +122 -147 -19 -180 +33 +168 -68 +73 -142 +115 -76 +83 +152 +155 +141 -40 -23 -84 -41 +10 -55 -146 -58 +105 +30 +52 -26 +169 +27 -63 +100 -138 +111 -72 +151 -66 -16 -21 +101 -24 -1 +123 -94 +9 -113 +82 -154 +80 +172 +5 +175 +5 +177 -178 +11 -158 +85 -95 -67 +93 -1 -14 +104 +118 -1 +70 -161 -56 -1 +69 -57 +182 +129 -121 -170 -164 -7 +17 +44 -103 $
>NC_009381
-44 -17 +7 +87 +37 +1 -93 +67 +172 +5 +175 +5 +177 -178 +11 -158 -64 -120 +179 +15 -47 -74 -96 +48 +4 +3 +53 +71 +134 -43 -8 +119 +108 +29 -86 -183 -136 -194 +99 -36 -35 +107 +92 +193 +174 +184 +28 +60 -50 +153 +39 +106 -203 +135 +173 +166 +187 -181 -109 +51 +163 -62 +91 -165 +157 -199 +197 +198 +117 -167 -139 +25 +176 -49 +131 +18 +125 +89 -97 +130 +128 +171 -3 -4 +145 -78 -31 +155 -126 -1 +143 -140 -116 -150 +88 -32 -13 -2 +144 +112 -132 +122 -147 -19 -180 +33 +168 -68 -10 +41 +84 -146 -58 +105 +30 +52 -26 +169 +27 -142 +115 -76 +83 +152 -149 +90 -127 +102 +133 -77 -159 -188 -137 -162 +141 -40 -23 +55 +73 -63 +100 -138 +111 -72 +151 -66 -16 -21 +101 +204 -24 -1 +123 -82 +113 -9 +94 +114 -79 +65 -54 +34 -61 -45 +148 -75 -154 +80 +182 +129 -121 -170 +118 -1 +70 -161 -56 -1 +69 -57 +95 -85 -110 +38 +42 -59 +2 +12 -46 +200 -1 -14 +104 -164 +156 +98 -160 +22 -20 +81 -1 -124 +103 $
>NC_004088
+124 +1 -93 +67 +22 +158 -11 +178 -177 -5 -175 -5 -172 +160 -98 -156 +57 -69 +1 +56 +161 -70 +1 -118 -104 +14 +1 -200 +46 -12 -2 +59 -42 -38 +110 +85 -95 -80 +154 -82 +113 -9 +94 -123 +1 +24 -101 +21 +16 +66 -151 +72 -111 +138 -100 +63 -73 -55 +23 +40 -141 -155 -152 -83 +76 -115 +142 -27 -169 +26 -52 -30 -105 +58 +146 -84 -41 +10 +68 -168 -33 +180 +19 -147 -122 +132 -112 -144 +2 +13 +32 -86 -136 +99 -36 -35 +107 -153 +50 -60 -28 -184 -174 -193 -92 +39 +106 +135 +173 +166 +187 -181 -109 +51 +163 -62 +91 -165 +157 -199 +197 +198 +117 -167 -139 +25 +176 -49 +131 +18 +125 +89 -97 +130 +128 +171 -3 -4 +145 -78 -31 -149 +90 -127 +102 +133 -77 -159 -137 -162 -126 -1 +143 -140 -116 -150 +88 -29 -108 -119 +8 +43 -134 -71 -53 -191 -3 -4 -48 +96 +74 -192 +185 -195 -189 +186 +2 -201 +2 +190 +47 -15 -179 +120 +64 +114 -79 +65 -54 +34 -61 -45 +148 -75 -20 +81 -1 +121 -129 -182 +87 +37 -170 -164 -7 +17 +44 -103 $
>CP000305
+124 +1 -93 +67 +57 -69 +1 +56 +161 -70 +1 -118 -104 +14 +1 -81 +20 +75 -148 +45 +61 -34 +54 -65 +79 -114 -64 -120 +15 -47 -80 +154 -82 +113 -9 +94 -123 +1 +24 -101 +21 +16 +66 -151 +72 -111 +138 -100 +63 -73 -55 +23 +40 -141 -155 -152 -83 +76 -115 +142 -27 -169 +26 -52 -30 -157 +165 -91 +62 -163 -51 +109 +181 -187 -166 -173 -135 -106 -39 -153 +50 -60 -28 -184 -174 -193 -92 -107 +35 +36 -99 +136 +183 +86 -32 -13 -2 +144 +112 -132 +122 +147 -19 -180 +33 +168 -68 -10 +41 +84 -146 -58 +105 +117 -167 -139 +25 +176 -49 +131 +18 +125 +89 -97 +130 +128 +171 -3 -4 +145 -78 -31 -149 +90 -127 +102 +133 -77 -159 -202 -188 -137 -162 -126 -1 +143 -140 -116 -150 +88 -29 -108 -119 +8 +43 -134 -71 -53 -191 -3 -4 -48 +96 +74 -190 -2 +201 -2 -186 +189 +195 -185 +192 +95 -85 -110 +38 +42 -59 +2 +12 -46 +200 -1 +158 -11 +178 -177 -5 -175 -5 -172 +182 +129 -121 -170 -164 -7 +17 +156 +98 -160 +22 -37 -87 +44 -103 $
>CP000308
+124 +1 -93 +67 +95 -85 +57 -69 +1 +56 +161 -98 -156 -74 -96 +48 +4 +3 +191 +53 +71 +134 -43 -8 +119 +108 +29 -88 +150 +116 +140 -143 +1 +126 +162 -102 +127 -90 +149 +31 +78 -145 +4 +3 -171 -128 -130 +97 -89 -125 -18 +159 +77 -133 +137 +188 +202 -131 +49 -176 -25 +139 +167 -117 -198 -197 +199 -157 +165 -91 +62 -163 -51 +109 -166 -173 -135 -106 -39 -153 +50 -60 -28 -184 -174 -92 -107 +35 +36 -99 +194 +136 +183 +86 -32 -13 -2 +144 +112 -132 +122 -147 -19 -180 +33 -68 -10 +41 +84 -146 -58 +105 +30 +52 -26 +169 +27 -142 +115 -76 +83 +152 -155 +141 -40 -23 +55 +73 -63 +100 -138 +111 -72 +151 -66 -16 -21 +101 -24 -1 +123 -9 +94 -113 +82 -154 +80 -17 +7 -196 +47 -15 -179 +120 +64 -37 -87 -192 +185 -195 -189 +186 +2 +190 +172 +5 +175 +5 +177 +118 -1 +70 -160 +22 -20 +81 -1 +114 -79 +65 -54 +200 -1 -14 +104 -178 +11 -158 +6 +182 +129 -121 -45 +148 -75 -110 +38 +42 -59 +2 +12 -46 +61 -34 -170 -164 +44 -103 $
