>NC_017160
+101 +1 +5 -16 -71 -54 -113 +7 +31 +37 -10 -25 -95 +103 +138 +44 -63 +47 -34 +35 -49 +116 -52 -91 -79 +56 +152 +145 +144 -73 +42 +123 -12 -3 +111 -70 -81 -69 -125 -23 -93 +108 -59 -19 +87 -147 -114 -76 -141 +124 +96 -118 +1 +100 +74 -77 +24 +80 -55 -78 -88 +33 +32 -97 +126 +13 +30 +68 -72 +106 +128 -121 -146 +148 -149 -43 +29 +150 -151 -153 -120 +85 -134 +20 +137 -41 +21 -28 -18 +127 +110 +104 -26 +6 -14 +39 +17 +27 -92 -117 +131 -130 -65 +58 -57 -109 -86 +2 -45 +9 +36 +22 -132 +83 -40 +98 -51 +61 -48 +67 -15 +82 +115 -1 +102 +4 -94 +64 +62 -105 +46 -50 +89 +107 +142 -8 -140 -135 +133 +119 -1 -11 -122 -1 +66 -112 -60 +38 -1 -129 -75 +90 -136 +143 +53 -99 -84 $
>AL590842
+101 +1 +5 -16 -71 -54 -113 +7 +31 +37 -10 -25 -95 +103 +138 +44 -63 +47 -34 +35 -49 +116 -52 -91 -79 +56 +152 +145 +69 +81 +70 -111 +3 +12 -123 -42 +73 -144 +124 +96 -118 +1 +100 +141 +76 +139 +114 +147 -87 +19 +59 -108 +93 +23 +125 +74 -77 +24 -106 +72 -68 -30 -13 -104 -110 -127 +18 +28 -21 +41 -137 -20 +134 -85 +120 +153 +151 -150 -29 +43 +149 -148 +146 +121 -128 +80 -55 +156 -78 -88 +33 +32 -97 +126 -39 +14 -6 +26 +17 +27 -92 -117 +131 +45 -2 +86 +109 +57 -58 +65 +130 +9 +36 +22 -132 +83 -40 +98 -51 +61 -48 +67 -15 +82 +115 -1 +102 +4 -94 +64 +62 -105 +46 -50 +89 -133 +135 +140 +8 -142 -107 +119 -1 -11 -122 -1 +66 -112 -60 +38 -1 -129 -75 +90 -136 +143 +53 -99 -84 $
>NC_005810
+101 +1 +5 -16 -71 -54 -113 +7 +31 +1 -64 +94 -4 +37 -10 -25 -95 +103 -46 +105 -62 -102 +1 -115 -82 +15 -67 +48 -61 +51 -98 +40 -83 -109 -59 -19 +87 +154 -147 -114 -139 -76 -141 +92 -27 -17 -2 +86 -125 -23 -93 +108 +74 -77 +24 -106 +72 -68 -30 -13 -21 -120 +85 -134 +20 +137 -41 +153 +151 -150 +28 -127 +18 -29 +43 +121 -128 +80 -55 -78 -88 +33 +32 -97 +126 +110 +104 -39 +14 -6 +26 -45 -117 +131 -130 -65 +36 +22 +57 -58 -9 -100 -1 +118 -96 -81 -69 +124 -52 -91 -79 +56 +152 +119 -1 -11 -122 +75 +129 -1 -38 +60 +112 -66 -1 +90 -136 +143 -144 -145 -73 +42 +123 -12 +70 -111 +3 -116 +49 -35 +34 -47 +63 -44 -138 -50 +89 +107 +142 -8 -140 -135 +133 +53 -99 -84 $
>CP001593
+101 +1 +5 -16 -71 -54 -113 +7 +31 +37 -10 -25 -95 +103 +138 +44 -63 +47 -34 +35 -49 +116 -52 -91 -79 +56 +152 -144 -145 -73 +42 +123 -12 -3 +111 -70 -81 -69 +124 +96 -118 +1 +100 +141 +76 +139 +114 +147 -154 -87 +19 +59 -108 +93 +23 +125 +74 -77 +24 -106 +72 -68 -30 -13 -126 +97 -32 -33 +88 +78 +55 -80 +128 -121 -146 +148 -149 -43 +29 -120 +85 -134 +20 +137 -41 +21 -28 -18 +127 +110 +104 -39 +14 -90 -6 +26 +17 +27 -92 -117 +131 -130 -65 +58 -57 -109 -86 +2 -45 +9 +36 +22 -132 +83 -40 +98 -51 +61 -48 +67 -15 +82 +115 -1 +102 +4 -94 +64 +62 -133 +135 +140 +8 -142 -107 -89 +50 -46 +105 +119 -1 -11 -122 -1 +66 -112 -60 +38 -1 -129 -75 +53 -99 -84 $
>NC_017168
-73 +42 +123 -12 -3 +111 -70 -81 -69 -145 -152 -56 +79 +91 +52 -116 +49 -35 +34 -47 +63 -44 -138 -103 +95 +25 +10 -37 -31 -7 +113 +54 +71 +16 -5 -1 -101 +84 +99 -53 -143 +136 -90 +75 +129 +1 -38 +60 +112 -66 +1 +122 +11 +1 -119 -133 +135 +140 +8 -142 -107 -89 +50 -46 +105 -62 -64 +94 -4 -102 +1 -115 -82 +15 -67 +48 -61 +51 -98 +40 -83 +132 -22 -36 -9 +109 +57 -58 +65 +130 -86 +2 -45 -131 +117 +92 -27 -17 -26 +6 -14 +39 -126 +97 -32 -33 +88 +78 -156 +55 -80 +128 -121 -146 +148 -149 -43 +29 -120 +85 -134 +20 +137 -41 +21 -28 -18 +127 +110 +104 +13 +30 +68 -72 +106 -24 +77 -74 +23 +125 +141 +76 +139 +114 +147 -87 +19 +59 -108 +93 -100 -1 +118 -96 -124 +144 $
>NC_009708
+101 +1 +5 -16 -71 -54 +75 +129 +1 -38 +60 +112 -66 +1 -119 -133 +135 +140 +8 -107 -89 +50 -52 -91 -79 +56 +152 -144 -145 -73 +42 +123 -12 -3 +111 -70 -81 -69 +124 +96 -118 +1 +100 -117 +131 -130 -65 +58 -57 -22 -36 -9 +45 -26 +6 -14 +39 -104 -110 -127 +18 +28 -126 +97 -32 -33 +88 +78 +55 -80 +128 -121 -43 +29 +150 -151 -120 +85 -134 +20 +137 -41 +21 +13 +30 +68 -72 +106 -24 +77 -74 -125 -23 -93 +108 -59 -19 +87 +154 -147 -114 -139 -76 +92 -27 -17 -2 +86 +109 +83 -40 +98 -51 +61 -48 +67 -15 +82 +155 +115 -1 +102 +4 -94 +64 -116 +49 -35 +34 -47 +63 -44 +62 -105 +46 -103 +95 +25 +10 -37 -1 -11 -122 -1 -31 -7 +113 +90 -136 +143 +53 -99 -84 $
>NC_010159
+101 +5 -16 -71 +129 +1 -42 +73 -152 -56 +79 +92 +27 -45 -58 +65 +11 +1 -38 +60 +31 +1 -10 -103 +95 -35 +34 -47 +63 -44 +4 -94 +64 +91 +52 -50 +89 +107 +142 -8 +138 -83 -109 -25 -19 +87 +141 +76 +139 +114 +59 -108 +93 +23 -41 +21 +13 -39 +14 -6 +26 -17 -2 +86 -66 +1 +125 -20 -85 +120 +153 +151 +128 +149 -148 -33 +88 -55 -78 -80 -121 -146 -32 -43 +29 +150 -97 +126 -28 -100 +36 +122 -110 +127 -9 -98 +40 -116 +49 -77 +24 -106 +72 -51 +61 -30 -57 -22 +48 +68 +74 -96 -124 +69 +81 -15 +82 +155 +123 -70 +67 -1 +118 +115 -1 +102 +104 +18 -117 +131 -130 -112 -7 +113 +53 +54 -12 -3 +111 -75 +119 -37 -46 +105 -62 -90 -136 +143 -99 -84 $
>NC_017265
+101 +1 -119 -113 +7 +31 -16 -71 -54 +75 +129 +1 -38 +60 +112 -66 +1 +122 +11 +1 +144 -105 +46 -103 +95 +25 +10 -37 -145 -73 +42 +123 -12 -3 +111 -70 -81 -69 +124 +96 -118 +1 +100 +141 +76 +139 +114 +147 -154 -57 -22 -36 -9 +45 -26 +6 -14 +39 -104 -110 -127 +18 -128 +80 -55 -78 -88 +33 +32 -97 +126 -28 -121 -146 +148 -149 -43 +29 -120 +85 -134 +20 +137 -41 +21 +13 +30 +68 -72 +106 -24 +77 -74 -125 -23 -93 +108 -59 -19 +87 -58 +65 +130 -131 +117 +92 -27 -17 -2 +86 +109 +83 -40 +98 -51 +61 -48 +67 -15 +82 +115 -1 +102 +4 -94 +64 +62 -56 +79 +91 -34 +35 -49 +116 -52 -47 +63 -44 -138 -5 -1 -50 +89 +107 +142 -8 -140 -135 +133 +90 -136 +143 +53 -99 -84 $
>NC_017154
+101 +1 +5 -16 -71 -54 -113 +7 +31 +37 -10 -25 -95 +103 +138 +44 -63 +47 -34 +35 -49 +116 -52 -91 -79 +56 +152 +145 +144 -73 +42 +123 -12 -3 +111 -70 -81 -69 +124 +96 -118 +1 +100 +141 +76 +139 +114 +147 -154 -87 +19 +59 -108 +93 +23 +125 +74 -77 +24 -106 +72 -68 -30 -13 -126 +97 +28 -21 +41 -137 -20 +134 -85 +120 +153 +151 -150 -29 +43 +149 -148 +146 +121 -128 +80 -55 -78 -88 +33 +32 -18 +127 +110 +104 -39 +14 +109 +57 -58 +65 +130 -131 +117 +92 -27 -17 -26 +6 -86 +2 -45 +9 +36 +22 -132 +83 -40 +98 -51 +61 -48 +67 -15 +82 +115 -1 +102 +4 -94 +64 +62 -133 +135 +140 +8 -142 -107 -89 +50 -46 +105 +119 -1 -11 -122 -1 +66 -112 -60 +38 -1 -129 -75 +90 -136 +143 +53 -99 -84 $
>NC_009381
+99 -53 -113 +7 +31 +1 -119 -133 +135 +140 +8 -142 -107 -89 +50 -52 -91 -79 +56 -73 +42 +123 -12 -3 +111 -70 -81 -126 +97 -32 -33 +88 +78 +55 -80 +128 -121 -146 +148 -149 -43 +29 +150 -151 -153 -120 +85 -134 +20 +137 -41 +21 +13 +30 +68 -72 +106 -24 +77 -74 -131 +117 -100 -1 +118 -96 -124 +69 -28 -18 +127 +110 +104 -39 +14 -6 +26 -45 +9 +36 +22 +57 -58 +65 +130 -125 -23 -93 +108 -59 -19 +87 -147 -114 -139 -76 -141 +92 -27 -17 -2 +86 +109 +83 -40 +98 -51 +61 -48 +67 -15 +82 +155 +115 -1 +102 -64 +94 -4 -116 +49 -35 +34 -47 +63 -44 -138 +62 +90 -1 +66 -112 -60 +38 -1 -129 -75 -105 +46 -103 +95 +25 +10 -37 -1 -11 -122 -136 +143 +54 +71 +16 -5 -1 -101 +84 $
>NC_004088
+101 +1 -119 +16 -50 +89 +107 +142 -8 -140 -135 +133 -71 -54 +75 +129 +1 -38 +60 +112 -66 +1 +122 +11 +1 +37 -10 -25 -95 +103 -46 +105 -62 -64 +94 -4 -102 +1 -115 -82 +15 -67 +48 -61 +51 -98 +40 -83 -109 -86 +2 +17 +27 -92 -117 +131 -130 -65 +58 -57 -22 -36 -9 +45 -26 +6 -14 +39 -104 -110 -127 +18 +28 -126 +97 -32 -33 +88 -128 +80 -55 -78 -121 -146 +148 -149 -43 +29 +150 -151 -153 -120 +85 -134 +20 +137 -41 +21 +13 +30 +68 -72 +106 -24 +77 -74 -125 -23 -93 +108 -59 -19 +87 -114 -139 -76 -141 -100 -1 +118 -96 -124 +69 +81 +70 -111 +3 +12 -123 -42 +73 -144 -145 -56 +79 +91 +52 -116 +49 -35 +34 -47 +63 -44 -138 -5 -1 -90 -113 +7 +31 -136 +143 +53 -99 -84 $
>CP000305
+101 +1 -119 +75 +129 +1 -38 +60 +112 -66 +1 +122 +11 +1 +5 +138 +44 -63 +47 -34 +35 -49 +116 -52 -91 -79 +56 -62 -64 +94 -4 -102 +1 -115 -82 +15 -67 +48 -61 +51 -98 +40 -83 -109 -86 +2 +17 +27 -92 -117 +131 -130 -65 +58 -57 -22 -36 -9 -29 +43 +149 -148 +146 +121 -128 +80 -55 -78 -88 +33 +32 -97 +126 -28 -18 +127 +110 +104 -39 +14 -6 +26 -45 -120 +85 -134 +20 +137 -41 +21 +13 +30 +68 -72 +106 -24 +77 -74 -125 -23 -93 +108 -59 -19 +87 +154 -147 -114 -139 -76 -141 -100 -1 +118 -96 -124 +69 +81 +70 -111 +3 +12 -123 -42 +73 +145 +144 -105 +46 -103 +95 +25 +10 -37 -1 -50 +89 +107 +142 -8 -140 -135 +133 +90 -136 +143 +53 +54 +71 +16 -31 -7 +113 -99 -84 $
>CP000308
+101 +1 -119 -105 +46 +75 +129 +1 -38 +60 +112 -71 -54 -73 +42 +123 -12 -3 +111 -70 -81 -69 +124 +96 -118 +1 +100 +141 +76 +139 +93 +23 +125 +74 -77 +24 -106 +72 -68 -30 -13 -87 +19 +59 -108 +114 +147 -154 -21 +41 -137 -20 +134 -85 +120 +153 +151 -150 -29 +43 -148 +146 +121 -128 +80 -55 -78 -88 +33 +32 -97 +126 -28 -18 +127 +110 +104 -39 +14 -6 +26 -45 +9 +36 +22 +57 -58 +65 +130 -117 +131 +92 -27 -17 -2 +86 +109 +83 -40 +98 -51 +61 -48 +67 -15 +82 +115 -1 +102 -4 -94 +64 +62 -53 -152 -56 +79 +91 +52 -31 -7 +113 -144 -145 -133 +135 -1 +66 +16 -5 -1 -116 +49 -35 -1 -11 -122 +140 +8 -142 -107 -89 +50 +90 -44 -138 -103 +95 +25 +10 -37 -63 +47 -34 -136 +143 -99 -84 $
