>gi|384137007|ref|NC_017168.1|
-84 +40 +45 +61 +122 -35 -2 +107 +96 +21 -77 +39 -9 +108 +55 +102 -69 +56 -46 +26 -53 -37 +134 -65 -98 +30 +34 -51 +6 -38 -29 -76 +142 +86 -145 +16 -14 +71 -112 +91 -36 -11 +1 +109 -117 +49 -59 +48 +146 -60 -106 -92 +8 -81 +58 +5 -143 +75 -83 -70 +140 -72 +101 -3 +82 -111 +18 -89 +15 +10 +57 -137 +62 -99 +125 -88 +54 -20 +19 -44 -22 +63 -128 +103 -66 +73 +138 -47 -132 -50 +93 +141 +127 -32 -17 -74 -33 +4 -25 +13 -123 +87 -28 -27 +95 +80 +52 -42 +139 +31 +94 -97 +43 +105 -41 +119 -24 -7 +130 +100 -120 +110 -133 +12 +113 +78 -85 +118 +116 +131 -68 -23 -79 +135 +147 +124 +144 +67 -121 -90 +115 -114 +129 -126 -104 -136 -64 $
>gi|162418099|ref|NC_010159.1|
+112 -71 +14 -16 +145 -86 -59 -61 -45 -40 +84 +64 +39 +127 +32 +74 -132 -133 -66 +73 +8 +48 +29 -81 -6 +51 -75 -98 +30 -46 +26 -53 -37 +134 +3 -101 +72 -9 +108 +55 +143 -5 +65 -88 +54 -63 -34 -144 +147 +124 +67 -121 -90 +115 -79 -41 +119 +12 -13 +25 -4 +33 -17 +47 -60 -50 +93 +23 +135 -105 -42 +139 +31 -27 +95 -80 +52 +94 -28 -97 +43 -87 +123 -24 -114 +44 -92 +120 +100 -22 -99 +125 +82 +102 -69 +56 -131 -116 -118 +85 -62 +137 -113 -103 +128 -20 +19 +126 +57 +78 +68 -104 -136 +77 -21 -15 +89 +122 +96 -10 +106 +129 -18 +111 +110 -130 +7 -141 -138 -146 -76 -1 +11 +142 -35 -2 +107 -49 -58 -38 -83 -70 +140 -117 -109 +36 -91 $
>gi|108777911|gb|CP000308.1|
+112 -81 +58 +83 -75 +49 -59 +48 +146 -86 -142 -64 -84 +40 +45 +61 +122 -35 -2 +107 +96 +21 -77 +136 +104 +126 -129 +114 +147 -90 +115 -79 +135 +23 +68 -131 -116 -118 +85 -78 -113 -12 +144 +67 -121 +124 -119 +41 -105 -43 +97 -94 -31 -139 +42 -52 -80 -95 +27 +28 -87 +123 -24 -7 +130 +100 -120 +110 -133 -13 +25 -4 +33 +74 -132 -50 +93 +22 +44 -19 +20 -128 +103 -66 +73 +138 -141 +127 -32 -17 +47 +63 -54 +88 -125 +99 -62 +137 -57 -10 -15 +89 -18 +111 -3 +82 -101 +72 -140 +70 -11 +1 +39 -9 +108 +55 -29 -76 +106 +60 -145 +16 -14 +71 +102 -69 +56 -46 -8 +92 +5 -143 +117 -109 -37 +134 -65 -98 +30 +34 -51 +6 -38 +53 -26 +36 -91 $
>gi|384412706|ref|NC_017265.1|
+112 -81 +58 +76 +29 -16 +145 -86 -142 +49 -59 +48 +146 -60 -106 -92 +8 +83 -75 -98 +30 +34 -51 +6 -38 -64 -84 +40 +45 +61 +122 -35 -2 +107 +96 +21 -77 +136 +104 +126 -129 +114 +147 +124 -103 +128 -20 +19 -44 -22 -93 +50 +132 -74 -33 +4 -25 +13 +133 -110 +120 -100 -130 +7 -139 +42 -52 -80 -95 +27 +28 -87 +123 -24 +31 +94 -97 +43 +105 -41 +119 +12 +113 +78 -85 +118 +116 +131 -68 -23 -135 +79 -115 +90 +121 -67 -144 -66 +73 +138 +141 +127 -32 -17 +47 +63 -54 +88 -125 +99 -62 +137 -57 -10 -15 +89 -18 +111 -82 +3 -101 +72 -140 +70 +39 -9 +108 -26 +46 -56 +69 -102 -55 -53 -37 +134 -65 -14 +71 +143 -5 +117 -109 -1 +11 +36 -91 $
>gi|45439865|ref|NC_005810.1|
+112 -71 +14 -16 +145 -86 -142 +76 +29 -72 +101 -3 +82 +38 -6 +51 -34 -30 +98 +75 -83 -70 +140 -111 +18 -89 +15 +10 +57 -137 +62 -99 +125 -88 +54 -63 +23 -67 -144 -124 -147 +127 -32 -17 +47 -135 +79 -115 +90 +121 +68 -131 -116 -118 +85 -78 -113 -12 -119 +105 -41 +24 -100 -130 +7 -43 +97 -94 -31 -139 +42 -52 -80 -95 +27 +28 -87 +123 -120 +110 -133 -13 +25 -4 +33 +74 -132 -50 +93 -141 -138 -73 +44 -19 +20 -128 +103 -66 -22 -114 +129 -126 -104 +21 -77 +136 -55 -108 +9 -39 -58 +81 -8 +92 +49 -59 +48 +146 -60 -106 +117 -109 -64 -84 +40 +45 +61 +122 -35 -96 -107 +2 +102 +69 +56 -46 +26 -53 -37 +134 -65 +143 -5 -1 +11 +36 -91 $
>gi|30407161|emb|AL590842.1|
+112 -71 +14 -16 +145 -86 -142 +76 +29 +38 -6 +51 -34 -30 +98 +65 -134 +37 +53 -26 +46 -56 +69 -102 -55 -108 +9 -39 +77 -21 -96 -107 +2 +35 -122 -61 -45 -40 +84 +64 +136 +104 +126 -129 +114 +147 +124 +144 +67 -121 -90 +115 -79 +135 +23 +68 -131 -116 -118 +85 -78 -113 -12 +133 -110 +120 -100 -130 +7 +24 -119 +41 -105 -43 +97 -94 -31 -139 +42 -52 -80 -95 +27 +28 -87 +123 -13 +25 -4 +33 +74 +17 +32 -127 -141 -93 +50 +132 +47 +63 -128 +103 -66 +73 +138 +22 +44 -19 +20 -54 +88 -125 +99 -62 +137 -57 -10 -15 +89 -18 +111 -82 +3 -101 +72 -140 +70 +83 -75 +143 +5 -58 +81 -8 +92 +106 +60 -146 -48 +59 -49 +117 -109 -1 +11 +36 -91 $
>gi|384120592|ref|NC_017154.1|
+112 -71 +14 -16 +145 -86 -142 +76 +29 +38 -6 +51 -34 -30 +98 +65 -134 +37 +53 -26 +46 -56 +69 -102 -55 -108 +9 -39 -64 -84 +40 +45 +61 +122 -35 -2 +107 +96 +21 -77 +136 +104 +126 -129 +114 +147 +124 +144 +67 -121 -90 +115 -79 +135 +23 +68 -131 -116 -118 +85 -78 -113 -12 -123 +87 +24 -119 +41 -105 -43 +97 -94 -31 -139 +42 -52 -80 -95 +27 +28 -7 +130 +100 -120 +110 -133 -13 +25 +63 -128 +103 -66 +73 +138 +141 +127 -32 -17 -74 -33 +4 -47 -132 -50 +93 +22 +44 -19 +20 -54 +88 -125 +99 -62 +137 -57 -10 -15 +89 -18 +111 -82 +3 -101 +72 -140 +70 +5 -143 +75 -83 -58 +81 -8 +92 +106 +60 -146 -48 +59 -49 +117 -109 -1 +11 +36 -91 $
>gi|384124469|ref|NC_017160.1|
+112 -71 +14 -16 +145 -86 -142 +76 +29 +38 -6 +51 -34 -30 +98 +65 -134 +37 +53 -26 +46 -56 +69 -102 -55 -108 +9 -39 -64 -84 +40 +61 +122 -35 -2 +107 +96 +21 -77 -135 +79 -115 +90 +121 -67 -144 -124 -147 +136 +104 +126 -129 +114 +23 +68 -131 +45 -116 -52 -80 -95 +27 +28 -87 +123 +12 +113 +78 -85 +118 -42 +139 +31 +94 -97 +43 +105 -41 +119 -24 -7 +130 +100 -120 +110 -74 -33 +4 -25 +13 +133 +17 +32 -127 -141 -138 -73 +66 -103 +128 -63 -47 -132 -50 +93 +22 +44 -19 +20 -54 +88 -125 +99 -62 +137 -57 -10 -15 +89 -18 +111 -82 +3 -101 +72 -140 +70 +83 -75 +143 -5 -58 +81 -8 +92 +106 +60 -146 -48 +59 -49 +117 -109 -1 +11 +36 -91 $
>gi|22123922|ref|NC_004088.1|
+112 -81 +58 +16 +143 -5 +145 -86 -142 +49 -59 +48 +146 -60 -106 -92 +8 +38 -6 +51 -34 -30 +98 +75 -83 -70 +140 -72 +101 -3 +82 -111 +18 -89 +15 +10 +57 -137 +62 -99 +125 -88 +54 -63 -47 +17 +32 -127 -141 -138 -73 +66 -103 +128 -20 +19 -44 -22 -93 +50 +132 -74 -33 +4 -25 +13 -133 -110 +120 -100 -130 +7 +24 -123 +87 -28 -27 +95 -139 +42 -52 -80 +31 +94 -97 +43 +105 -41 +119 +12 +113 +78 -85 +118 +116 +131 -68 -23 -135 +79 -115 +90 +121 -67 -144 -124 -147 -114 +129 -126 -104 -136 +77 -21 -96 -107 +2 +35 -122 -61 -45 -40 +84 +64 +39 -9 +108 +55 +102 -69 +56 -46 +26 -53 -37 +134 -65 -14 +71 +109 -117 +76 +29 -1 +11 +36 -91 $
>gi|108773814|gb|CP000305.1|
+112 -81 +58 +49 -59 +48 +146 -60 -106 -92 +8 -71 +14 +65 -134 +37 +53 -26 +46 -56 +69 -102 -55 -108 +9 -39 -70 +140 -72 +101 -3 +82 -111 +18 -89 +15 +10 +57 -137 +62 -99 +125 -88 +54 -63 -47 +17 +32 -127 -141 -138 -73 +66 -103 +128 -20 +19 -44 -22 -43 +97 -94 -31 -139 +42 -52 -80 -95 +27 +28 -87 +123 -24 -7 +130 +100 -120 +110 +133 -13 +25 -4 +33 +74 -132 -50 +93 +105 -41 +119 +12 +113 +78 -85 +118 +116 +131 -68 -23 -135 +79 -115 +90 +121 -67 -144 -124 -147 -114 +129 -126 -104 -136 +77 -21 -96 -107 +2 +35 -122 -61 -45 -40 +84 +64 +83 -75 -98 +30 +34 -51 +6 -38 +143 -5 +117 -109 -1 +11 +142 +86 -145 +16 -29 -76 +36 -91 $
>gi|145597324|ref|NC_009381.1|
-36 -11 +1 +76 +29 -81 +58 +5 -143 -55 -108 +9 -39 -64 -84 +40 +45 +61 +122 -35 -2 +107 +96 +21 -123 +87 -28 -27 +95 +80 +52 -42 +139 +31 +94 -97 +43 +105 -41 +119 +12 +113 +78 -85 +118 +116 +131 -68 -23 +141 -114 +129 -126 -104 -136 +77 -24 -7 +130 +100 -120 +110 -133 -13 +25 -4 +33 +74 -132 -50 +93 +22 +44 -19 +20 -128 +103 -66 +73 +138 -135 +79 -115 +90 +121 -67 -144 -124 -147 +127 -32 -17 +47 +63 -54 +88 -125 +99 -62 +137 -57 -10 -15 +89 -18 +111 -72 +101 -3 +82 +102 -69 +56 -46 +26 -53 -37 +134 -65 -140 +70 +117 -109 +106 +60 -146 -48 +59 -49 +83 -75 -98 +30 +34 -51 +6 -38 -8 +92 +142 +86 -145 +16 -14 +71 -112 +91 $
>gi|294352569|gb|CP001593.1|
+112 -71 +14 -16 +145 -86 -142 +76 +29 +38 -6 +51 -34 -30 +98 +65 -134 +37 +53 -26 +46 -56 +69 -102 -55 -108 +9 -39 -64 -84 +40 +45 +61 +122 -35 -2 +107 +96 +21 -77 +136 +104 +126 -129 +114 +147 +124 +144 +67 -121 -90 +115 -79 +135 +23 +68 -131 -116 -118 +85 -78 -113 -12 -123 +87 -28 -27 +95 +80 +52 -42 +139 +31 +94 -97 +43 +105 -41 +119 -24 -7 +130 +100 -120 +110 -133 -13 +25 +109 -117 -4 +33 +74 +17 +32 -127 -141 -138 -73 +66 -103 +128 -63 -47 -132 -50 +93 +22 +44 -19 +20 -54 +88 -125 +99 -62 +137 -57 -10 -15 +89 -18 +111 -82 +3 -101 +72 -140 +70 +5 -143 +75 -83 -58 +81 -8 +92 +106 +60 -146 -48 +59 -49 -1 +11 +36 -91 $
