. Sequence file : [2p_copy.fasta]

. Model of nucleotides substitution : HKY85

. Initial tree : [BioNJ]


. Data	Nb of 	Likelihood	Discrete   	Number of 	Gamma shape	Proportion of	Transition/ 	Nucleotides frequencies               	
  set	taxa	loglk     	gamma model	categories	parameter  	invariant    	transversion	f(A)      f(C)      f(G)      f(T)    	

  #1	12   	-159067.40997	Yes        	4        	8.090    	0.000    	3.892     	 0.25036   0.22945   0.26614   0.25406	

  #2	12   	-158987.39464	Yes        	4        	6.910    	0.000    	4.134     	 0.24738   0.23161   0.26649   0.25451	

  #3	12   	-159024.63750	Yes        	4        	6.910    	0.000    	3.220     	 0.25035   0.23234   0.26426   0.25304	

  #4	12   	-159098.59163	Yes        	4        	8.090    	0.000    	6.148     	 0.25043   0.23406   0.26459   0.25093	

  #5	12   	-159053.56679	Yes        	4        	6.910    	0.000    	6.151     	 0.24971   0.23158   0.26572   0.25299	

  #6	12   	-159028.15759	Yes        	4        	8.090    	0.000    	3.645     	 0.25176   0.23121   0.26398   0.25305	

  #7	12   	-159058.58454	Yes        	4        	8.090    	0.000    	3.572     	 0.25210   0.23063   0.26682   0.25045	

  #8	12   	-159140.17639	Yes        	4        	8.090    	0.000    	3.904     	 0.24634   0.23188   0.26881   0.25296	

  #9	12   	-159037.37672	Yes        	4        	6.910    	0.000    	4.530     	 0.24856   0.23205   0.26718   0.25221	

  #10	12   	-159086.97392	Yes        	4        	8.090    	0.000    	3.360     	 0.24848   0.23058   0.26889   0.25205	

  #11	12   	-159060.84657	Yes        	4        	8.090    	0.000    	2.999     	 0.24855   0.22954   0.26800   0.25390	

  #12	12   	-159085.06521	Yes        	4        	8.090    	0.000    	5.371     	 0.24768   0.23276   0.26832   0.25124	

  #13	12   	-159157.05461	Yes        	4        	8.090    	0.000    	3.126     	 0.25144   0.23184   0.26487   0.25186	

  #14	12   	-159044.88632	Yes        	4        	6.910    	0.000    	3.260     	 0.25081   0.23141   0.26542   0.25236	

  #15	12   	-159061.40770	Yes        	4        	8.090    	0.000    	4.747     	 0.24854   0.23127   0.26806   0.25213	

  #16	12   	-159031.58993	Yes        	4        	6.910    	0.000    	5.844     	 0.24879   0.23084   0.26708   0.25329	

  #17	12   	-159034.20858	Yes        	4        	6.910    	0.000    	8.389     	 0.25037   0.23191   0.26734   0.25038	

  #18	12   	-159155.79339	Yes        	4        	8.090    	0.000    	7.279     	 0.24949   0.23080   0.26796   0.25176	

  #19	12   	-159033.88975	Yes        	4        	8.090    	0.000    	2.760     	 0.25067   0.23067   0.26656   0.25209	

  #20	12   	-159238.43765	Yes        	4        	14.271    	0.000    	3.136     	 0.25296   0.22880   0.26697   0.25128	

  #21	12   	-159295.65994	Yes        	4        	15.557    	0.000    	4.496     	 0.25047   0.22991   0.26754   0.25207	

  #22	12   	-159131.18978	Yes        	4        	8.090    	0.000    	5.371     	 0.24866   0.23253   0.26617   0.25265	

  #23	12   	-159073.13255	Yes        	4        	8.090    	0.000    	4.467     	 0.24987   0.23080   0.26763   0.25170	

  #24	12   	-159117.90608	Yes        	4        	8.090    	0.000    	3.617     	 0.24852   0.23146   0.26814   0.25188	

  #25	12   	-159005.45454	Yes        	4        	8.090    	0.000    	4.123     	 0.24936   0.22984   0.26682   0.25398	

  #26	12   	-159238.95250	Yes        	4        	13.090    	0.000    	3.278     	 0.24880   0.23357   0.26497   0.25267	

  #27	12   	-159183.42892	Yes        	4        	8.090    	0.000    	4.839     	 0.24898   0.23147   0.26706   0.25248	

  #28	12   	-158927.19840	Yes        	4        	5.902    	0.000    	2.751     	 0.24856   0.23258   0.26508   0.25378	

  #29	12   	-159189.26294	Yes        	4        	13.090    	0.000    	5.105     	 0.24951   0.23263   0.26695   0.25091	

  #30	12   	-159107.38531	Yes        	4        	8.090    	0.000    	3.330     	 0.24942   0.23348   0.26600   0.25110	

  #31	12   	-159076.49422	Yes        	4        	8.090    	0.000    	3.593     	 0.25040   0.23206   0.26817   0.24937	

  #32	12   	-159048.77545	Yes        	4        	8.090    	0.000    	4.496     	 0.25092   0.23015   0.26674   0.25219	

  #33	12   	-159041.84943	Yes        	4        	8.090    	0.000    	3.096     	 0.25148   0.23077   0.26639   0.25136	

  #34	12   	-159223.23018	Yes        	4        	13.090    	0.000    	2.617     	 0.24992   0.23248   0.26827   0.24933	

  #35	12   	-159138.25854	Yes        	4        	8.090    	0.000    	3.271     	 0.24834   0.23210   0.26642   0.25314	

  #36	12   	-159214.17416	Yes        	4        	8.090    	0.000    	4.499     	 0.24943   0.23220   0.26497   0.25340	

  #37	12   	-159107.24039	Yes        	4        	8.090    	0.000    	6.771     	 0.24724   0.23265   0.26714   0.25297	

  #38	12   	-158983.67339	Yes        	4        	6.910    	0.000    	4.429     	 0.24692   0.23283   0.26796   0.25229	

  #39	12   	-159080.06525	Yes        	4        	8.090    	0.000    	4.352     	 0.25041   0.23162   0.26431   0.25367	

  #40	12   	-159025.83542	Yes        	4        	8.090    	0.000    	3.445     	 0.24875   0.23137   0.26689   0.25299	

  #41	12   	-159180.99737	Yes        	4        	8.090    	0.000    	4.095     	 0.24825   0.23161   0.26623   0.25391	

  #42	12   	-159045.93563	Yes        	4        	8.090    	0.000    	5.062     	 0.25064   0.23021   0.26639   0.25275	

  #43	12   	-159118.88582	Yes        	4        	8.090    	0.000    	4.553     	 0.24936   0.23261   0.26660   0.25142	

  #44	12   	-159075.91625	Yes        	4        	8.090    	0.000    	2.694     	 0.24977   0.23100   0.26700   0.25224	

  #45	12   	-159056.75722	Yes        	4        	8.090    	0.000    	2.817     	 0.24975   0.23090   0.26604   0.25331	

  #46	12   	-159114.55717	Yes        	4        	8.090    	0.000    	3.332     	 0.24919   0.23196   0.26517   0.25367	

  #47	12   	-158952.68376	Yes        	4        	6.910    	0.000    	4.995     	 0.25020   0.23182   0.26590   0.25209	

  #48	12   	-158845.80482	Yes        	4        	5.902    	0.000    	5.192     	 0.24908   0.23049   0.26973   0.25070	

  #49	12   	-159002.85167	Yes        	4        	6.910    	0.000    	3.109     	 0.24750   0.23347   0.26801   0.25102	

  #50	12   	-159078.73233	Yes        	4        	8.090    	0.000    	4.219     	 0.24964   0.23118   0.26767   0.25151	

  #51	12   	-159152.40503	Yes        	4        	13.090    	0.000    	3.037     	 0.24978   0.23034   0.26871   0.25117	

  #52	12   	-159172.95243	Yes        	4        	8.090    	0.000    	6.265     	 0.25050   0.23168   0.26529   0.25253	

  #53	12   	-159212.97893	Yes        	4        	13.090    	0.000    	3.996     	 0.24994   0.23291   0.26628   0.25087	

  #54	12   	-159126.23397	Yes        	4        	8.090    	0.000    	4.100     	 0.24961   0.23267   0.26799   0.24974	

  #55	12   	-159047.40992	Yes        	4        	6.910    	0.000    	4.374     	 0.24854   0.23226   0.26697   0.25222	

  #56	12   	-158990.15014	Yes        	4        	6.910    	0.000    	4.000     	 0.24861   0.23135   0.26681   0.25324	

  #57	12   	-159167.92998	Yes        	4        	8.090    	0.000    	5.998     	 0.25007   0.23308   0.26433   0.25252	

  #58	12   	-159121.96830	Yes        	4        	8.090    	0.000    	3.891     	 0.24982   0.23278   0.26590   0.25149	

  #59	12   	-159016.39987	Yes        	4        	8.090    	0.000    	8.193     	 0.25151   0.23005   0.26573   0.25271	

  #60	12   	-159149.66738	Yes        	4        	8.090    	0.000    	2.879     	 0.24855   0.23183   0.26707   0.25255	

  #61	12   	-159237.66273	Yes        	4        	14.271    	0.000    	4.267     	 0.25078   0.23247   0.26720   0.24955	

  #62	12   	-159223.59861	Yes        	4        	15.557    	0.000    	4.341     	 0.25089   0.22980   0.26883   0.25048	

  #63	12   	-159110.42290	Yes        	4        	8.090    	0.000    	3.089     	 0.24793   0.23323   0.26743   0.25141	

  #64	12   	-159212.82519	Yes        	4        	13.090    	0.000    	5.772     	 0.25062   0.23119   0.26865   0.24954	

  #65	12   	-159086.39357	Yes        	4        	8.090    	0.000    	5.596     	 0.24906   0.23071   0.26791   0.25232	

  #66	12   	-158982.52926	Yes        	4        	8.090    	0.000    	6.359     	 0.25057   0.23184   0.26538   0.25221	

  #67	12   	-159195.29436	Yes        	4        	13.090    	0.000    	3.735     	 0.25105   0.23096   0.26725   0.25074	

  #68	12   	-159064.02858	Yes        	4        	8.090    	0.000    	4.235     	 0.24935   0.23151   0.26636   0.25278	

  #69	12   	-159173.33693	Yes        	4        	8.090    	0.000    	2.879     	 0.25042   0.23161   0.26493   0.25304	

  #70	12   	-159262.49190	Yes        	4        	14.271    	0.000    	3.481     	 0.25041   0.23059   0.26586   0.25314	

  #71	12   	-159270.60668	Yes        	4        	13.090    	0.000    	2.856     	 0.24917   0.23445   0.26536   0.25101	

  #72	12   	-159072.10411	Yes        	4        	8.090    	0.000    	4.113     	 0.25194   0.23178   0.26383   0.25245	

  #73	12   	-159179.32285	Yes        	4        	8.090    	0.000    	3.541     	 0.24958   0.23340   0.26604   0.25097	

  #74	12   	-158998.29517	Yes        	4        	6.910    	0.000    	3.410     	 0.25205   0.23035   0.26479   0.25281	

  #75	12   	-159170.64937	Yes        	4        	13.090    	0.000    	5.106     	 0.24870   0.23327   0.26697   0.25105	

  #76	12   	-159106.93543	Yes        	4        	8.090    	0.000    	4.328     	 0.25063   0.23129   0.26733   0.25075	

  #77	12   	-159078.35107	Yes        	4        	8.090    	0.000    	3.198     	 0.24924   0.23279   0.26600   0.25196	

  #78	12   	-159054.16253	Yes        	4        	8.090    	0.000    	5.563     	 0.25088   0.23135   0.26742   0.25035	

  #79	12   	-159081.09114	Yes        	4        	8.090    	0.000    	3.473     	 0.24854   0.23291   0.26714   0.25141	

  #80	12   	-159085.46149	Yes        	4        	8.090    	0.000    	5.247     	 0.24943   0.23009   0.26652   0.25396	

  #81	12   	-159003.77919	Yes        	4        	8.090    	0.000    	4.998     	 0.24882   0.23066   0.26682   0.25370	

  #82	12   	-159195.66679	Yes        	4        	13.090    	0.000    	3.815     	 0.24960   0.23206   0.26596   0.25238	

  #83	12   	-159124.06450	Yes        	4        	8.090    	0.000    	3.500     	 0.24997   0.23351   0.26445   0.25208	

  #84	12   	-159148.48677	Yes        	4        	8.090    	0.000    	5.108     	 0.24823   0.23085   0.26848   0.25244	

  #85	12   	-159033.55368	Yes        	4        	8.090    	0.000    	3.552     	 0.25034   0.23061   0.26637   0.25268	

  #86	12   	-159107.68195	Yes        	4        	8.090    	0.000    	3.091     	 0.24923   0.23164   0.26509   0.25404	

  #87	12   	-159084.92339	Yes        	4        	8.090    	0.000    	3.497     	 0.25107   0.23102   0.26723   0.25069	

  #88	12   	-159144.83251	Yes        	4        	8.090    	0.000    	5.167     	 0.25215   0.23133   0.26626   0.25025	

  #89	12   	-159344.32300	Yes        	4        	15.557    	0.000    	4.304     	 0.24935   0.23110   0.26770   0.25186	

  #90	12   	-159156.47063	Yes        	4        	8.090    	0.000    	4.096     	 0.24957   0.23305   0.26636   0.25103	

  #91	12   	-159097.40195	Yes        	4        	8.090    	0.000    	3.684     	 0.24936   0.23322   0.26501   0.25241	

  #92	12   	-159142.95607	Yes        	4        	8.090    	0.000    	6.269     	 0.24863   0.23155   0.26598   0.25384	

  #93	12   	-158995.13373	Yes        	4        	6.910    	0.000    	4.125     	 0.24774   0.22968   0.26767   0.25490	

  #94	12   	-159102.08847	Yes        	4        	8.090    	0.000    	3.087     	 0.25259   0.23065   0.26591   0.25085	

  #95	12   	-158953.09930	Yes        	4        	6.910    	0.000    	7.193     	 0.24984   0.22983   0.26791   0.25241	

  #96	12   	-159093.77515	Yes        	4        	8.090    	0.000    	5.466     	 0.24919   0.23203   0.26616   0.25262	

  #97	12   	-159118.82146	Yes        	4        	8.090    	0.000    	3.995     	 0.24933   0.23355   0.26750   0.24962	

  #98	12   	-159057.33438	Yes        	4        	8.090    	0.000    	4.871     	 0.24986   0.22956   0.26721   0.25337	

  #99	12   	-159143.95534	Yes        	4        	8.090    	0.000    	3.716     	 0.24777   0.23281   0.26608   0.25333	

  #100	12   	-158965.24966	Yes        	4        	8.090    	0.000    	2.088     	 0.25066   0.23022   0.26713   0.25199	

