>NC_017160
+95 -73 +1 -5 -118 +155 -86 -154 +90 +121 +28 +10 +35 -122 +119 +68 -147 +26 +54 +61 +36 -77 +24 +71 -124 -75 -116 +46 -29 -20 -83 +30 +15 +136 -47 -126 +6 -64 +127 +37 -91 -148 +93 -131 +108 -63 +103 +8 -57 -137 -101 +60 +149 +144 +138 -141 +97 -56 +70 -143 +34 -132 -53 -128 +58 -106 -88 -52 +65 +3 +96 +92 -84 +134 -50 +123 +112 -21 +85 -151 +113 -31 -22 +16 -44 +142 +130 -135 -55 +107 -87 +80 -18 +41 +12 +146 -33 +42 -51 -139 -153 -94 +48 -9 +69 -125 +140 -19 -78 -145 -67 +111 +120 +32 -39 +40 -74 +104 +23 -17 +150 -76 -4 -2 +105 -38 +129 -115 +98 -100 -7 -62 +49 -152 +72 +82 -89 -59 +102 -43 -11 +99 -45 +110 +114 +14 -66 -79 +13 -81 +133 -117 +27 +25 -109 $
>AL590842
+95 -73 +1 -5 -118 +155 -86 -154 +90 +121 +28 +10 +35 -122 +119 +68 -147 +26 +54 +61 +36 -77 +24 +71 -124 -75 -116 +46 -29 +91 -37 -127 +64 -6 +126 +47 -136 -15 -34 -30 +83 +20 +149 +144 +138 -141 +97 -60 +101 +137 +57 -8 -103 +63 -108 +131 -93 +148 -56 +70 -143 -132 -134 +84 -92 -96 -3 +146 -107 +55 +135 -130 -142 +44 -16 +22 +31 -113 +151 -85 +21 -112 -123 +50 -53 -128 +58 -106 -88 -52 +65 -12 -41 +18 -80 +87 -33 +42 -51 -139 -153 -111 +67 +145 +78 +19 -140 +125 -69 +9 -48 +94 +120 +32 -39 +40 -74 +104 +23 -17 +150 -76 -4 -2 +105 -38 +129 -115 +98 -100 -7 -62 +49 -152 +72 +82 -89 -59 +102 +43 -11 +99 -45 +110 +114 +14 -66 -79 +13 -81 +133 -117 +27 +25 -109 $
>NC_005810
+95 -73 +1 -5 -118 +155 -86 -154 +90 +121 -49 +62 +7 +100 -98 +115 +28 +10 +35 -122 +119 +89 -82 -72 +152 -129 +38 -105 +2 +4 +76 -150 +17 -23 -104 +74 -19 -56 +8 -57 -137 -101 +60 +139 +51 -42 +33 +78 -148 +93 -131 +108 -63 +103 +70 -143 -132 -134 +84 -92 -96 -3 +22 +113 -31 +151 -16 -130 -142 +44 -85 +21 -112 -123 +50 -53 -128 +58 -106 -88 -52 +65 -135 -55 +107 -146 -12 -41 +18 -80 +87 -145 -67 +111 -153 -94 +48 -9 +32 -39 +40 -140 +125 -69 -120 -97 +141 -138 -144 +37 -91 +149 -75 -116 +46 -29 -11 +99 -45 +110 +81 -13 +79 +66 -14 -114 +133 -117 -20 -83 +30 +34 +15 +136 -47 -127 +64 -6 +126 +124 +71 -24 +77 -36 -61 -54 -26 +147 -68 -59 +102 -43 +27 +25 -109 $
>CP001593
+95 -73 +1 -5 -118 +155 -86 -154 +90 +121 +28 +10 +35 -122 +119 +68 -147 +26 +54 +61 +36 -77 +24 +71 -124 -75 -116 +46 -29 -20 -83 +30 +34 +15 +136 -47 -126 +6 -64 +127 +37 -91 +149 +144 +138 -141 +97 -60 +101 +137 +57 -8 -103 +63 -108 +131 -93 +148 -56 +70 -143 -132 -134 +84 -92 -96 -3 -65 +52 +88 +106 -58 +128 +53 -50 +123 +112 -21 +85 -151 +113 -31 -22 +16 -44 +142 +130 -135 -55 +107 -146 -12 +117 -133 -41 +18 -80 +87 -33 +42 -51 -139 -153 -94 +48 -9 +69 -125 +140 -19 -78 -145 -67 +111 +120 +32 -39 +40 -74 +104 +23 -17 +150 -76 -4 -2 +105 -38 +129 -115 +98 -100 -7 -62 +49 -152 +72 +43 -102 +59 +89 -82 -11 +99 -45 +110 +114 +14 -66 -79 +13 -81 +27 +25 -109 $
>NC_017168
+109 -25 -27 +117 -133 +81 -13 +79 +66 -14 -114 -110 +45 -99 +11 +43 -102 +59 +89 -82 -72 +152 -49 +62 +7 +100 -98 +115 -129 +38 -105 +2 +4 +76 -150 +17 -23 -104 +74 -40 +39 -32 -120 +19 -140 +125 -69 +9 -48 +94 -78 -145 -67 +111 +153 +139 +51 -42 +33 -87 +80 -18 +41 +12 -65 +52 +88 +106 -58 +128 +53 -50 +123 +112 -21 +85 -151 +113 -31 -22 +16 -44 +142 +130 -135 -55 +107 -146 +3 +96 +92 -84 +134 +132 +143 -70 +56 -93 +148 -60 +101 +137 +57 -8 -103 +63 -108 +131 -97 +141 -138 -144 -149 -20 -83 +30 +34 +15 +136 -47 -126 +6 -64 +127 +37 -91 +29 -46 +116 +75 +124 -71 -24 +77 -36 -61 -54 -26 +147 -68 -119 +122 -35 -10 -28 -121 -90 +154 +86 -155 +118 +5 -1 +73 -95 $
>NC_010159
+95 -73 +1 -5 -118 +155 -86 -13 -15 -34 -30 +83 +20 +29 +139 -51 +87 -145 -146 -69 +9 +45 +79 +121 -99 +10 -89 -119 +122 -36 -61 -54 -26 +147 -7 -62 +49 -46 +116 +75 -59 +102 -43 +68 -104 +74 -19 +35 -57 -60 +101 +137 -8 -103 +63 -108 +131 -93 -31 -22 +3 -12 -41 +18 -80 -42 +33 +78 -14 -67 +111 -56 +148 -113 -50 +123 +106 -128 +58 +53 +112 +88 -21 +85 -151 -52 +65 +16 -97 +32 -110 +135 +130 -120 -23 +100 +124 -71 -24 +77 -143 -132 -134 +84 -17 +150 -96 -125 +140 -40 +39 +138 +76 +92 +70 -144 -149 +91 -37 -2 +105 +136 -64 +127 -4 +114 +141 -38 +129 -115 +98 -55 +107 -142 +44 -153 -94 +48 -66 -90 +27 +154 -47 -126 +6 -81 -11 -28 -82 -72 +152 -133 -117 +25 -109 $
>NC_017265
+95 -99 +11 +90 +121 -5 -118 +155 -86 -154 +81 -13 +79 +66 -14 -114 -110 +45 +82 -89 -119 +122 -35 -10 -28 -20 -83 +30 +34 +15 +136 -47 -126 +6 -64 +127 +37 -91 +149 +144 +138 -141 +97 -60 +101 +137 -125 +140 -40 +39 -32 -120 -111 +67 +145 -87 +80 -18 +41 +12 +146 -107 +55 +135 -130 -142 +44 +50 -53 -128 +58 -106 -88 -52 +65 +16 +123 +112 -21 +85 -151 +113 -31 -22 +3 +96 +92 -84 +134 +132 +143 -70 +56 -148 +93 -131 +108 -63 +103 +8 -57 -69 +9 -48 +94 +153 +139 +51 -42 +33 +78 +19 -74 +104 +23 -17 +150 -76 -4 -2 +105 -38 +129 -115 +98 -100 -7 -62 +49 -152 +72 +29 -46 +116 +61 +36 -77 +24 +71 -124 -75 -54 -26 +147 -68 -1 +73 -59 +102 -43 +133 -117 +27 +25 -109 $
>NC_017154
+95 -73 +1 -5 -118 +155 -86 -154 +90 +121 +28 +10 +35 -122 +119 +68 -147 +26 +54 +61 +36 -77 +24 +71 -124 -75 -116 +46 -29 -20 -83 +30 +34 +15 +136 -47 -126 +6 -64 +127 +37 -91 +149 +144 +138 -141 +97 -60 +101 +137 +57 -8 -103 +63 -108 +131 -93 +148 -56 +70 -143 -132 -134 +84 -92 -96 -3 -65 +52 -16 +22 +31 -113 +151 -85 +21 -112 -123 +50 -53 -128 +58 -106 -88 -44 +142 +130 -135 -55 +107 -146 -12 +19 -140 +125 -69 +9 -48 +94 +153 +139 +51 -42 +33 -87 +80 -18 +41 -78 -145 -67 +111 +120 +32 -39 +40 -74 +104 +23 -17 +150 -76 -4 -2 +105 -38 +129 -115 +98 -100 -7 -62 +49 -152 +72 +43 -102 +59 +89 -82 -11 +99 -45 +110 +114 +14 -66 -79 +13 -81 +133 -117 +27 +25 -109 $
>NC_009381
+109 -25 -27 +90 +121 -99 +11 +43 -102 +59 -75 -116 +46 -29 -20 -83 +30 +34 +15 +136 -47 -126 +6 -64 +127 +37 -65 +52 +88 +106 -58 +128 +53 -50 +123 +112 -21 +85 -151 +113 -31 -22 +3 +96 +92 -84 +134 +132 +143 -70 +56 +94 +153 -97 +141 -138 -144 -149 +91 +16 -44 +142 +130 -135 -55 +107 -146 -12 -41 +18 -80 +87 -145 -67 +111 +120 +32 -39 +40 -140 +125 -69 +9 -48 -148 +93 -131 +108 -63 +103 +8 -57 -137 -101 +60 +139 +51 -42 +33 +78 +19 -74 +104 +23 -17 +150 -76 -4 -2 +105 -38 +129 -115 -49 +62 +7 +100 -98 +124 -71 -24 +77 -36 -61 -54 -26 +147 -68 -152 +72 +133 -117 +114 +14 -66 -79 +13 -81 +82 -89 -119 +122 -35 -10 -28 -45 +110 +154 +86 -155 +118 +5 -1 +73 -95 $
>NC_004088
+95 -99 +11 +5 -59 +102 -43 -118 +155 -86 -154 +81 -13 +79 +66 -14 -114 -110 +45 +28 +10 +35 -122 +119 +89 -82 -72 +152 -49 +62 +7 +100 -98 +115 -129 +38 -105 +2 +4 +76 -150 +17 -23 -104 +74 -19 -78 -33 +42 -51 -139 -153 -94 +48 -9 +69 -125 +140 -40 +39 -32 -120 -111 +67 +145 -87 +80 +18 +41 +12 -146 -107 +55 +135 -130 -142 +44 -16 -65 +52 +88 +106 +50 -53 -128 +58 +123 +112 -21 +85 -151 +113 -31 -22 +3 +96 +92 -84 +134 +132 +143 -70 +56 -148 +93 -131 +108 -63 +103 +8 -57 -137 -101 +60 -97 +141 -138 -144 -149 +91 -37 -127 +64 -6 +126 +47 -136 -15 -34 -30 +83 +20 +29 -46 +116 +75 +124 -71 -24 +77 -36 -61 -54 -26 +147 -68 -1 +73 +117 -133 +90 +121 +27 +25 -109 $
>CP000305
+95 -99 +11 +81 -13 +79 +66 -14 -114 -110 +45 -73 +1 +68 -147 +26 +54 +61 +36 -77 +24 +71 -124 -75 -116 +46 -29 -72 +152 -49 +62 +7 +100 -98 +115 -129 +38 -105 +2 +4 +76 -150 +17 -23 -104 +74 -19 -78 -33 +42 -51 -139 -153 -94 +48 -9 +69 -125 +140 -40 +39 -32 -120 +151 -85 +21 -112 -123 +50 -53 -128 +58 -106 -88 -52 +65 +16 -44 +142 +130 -135 -55 +107 +146 -12 -41 +18 -80 +87 -145 -67 +111 +113 -31 -22 +3 +96 +92 -84 +134 +132 +143 -70 +56 -148 +93 -131 +108 -63 +103 +8 -57 -137 -101 +60 -97 +141 -138 -144 -149 +91 -37 -127 +64 -6 +126 +47 -136 -15 -34 -30 +83 +20 +82 -89 -119 +122 -35 -10 -28 -59 +102 -43 +133 -117 +27 +154 +86 -155 +118 +5 -121 -90 +25 -109 $
>CP000308
+95 -99 +11 +82 -89 +81 -13 +79 +66 -86 -154 -20 -83 +30 +34 +15 +136 -47 -126 +6 -64 +127 +37 -91 +149 +144 +138 -141 +97 -60 +101 -108 +131 -93 +148 -56 +70 -143 -132 -134 +84 -92 -96 -3 +57 -8 -103 +63 +137 +22 +31 -113 +151 -85 +21 -112 -123 +50 -53 -128 +58 -106 -88 -52 +65 +16 -44 +142 +130 -135 -55 +107 -146 -12 -41 +18 -80 +87 -145 -67 +111 +120 +32 -39 +40 -140 +125 -69 +9 -48 +94 -153 +139 +51 -42 +33 +78 +19 -74 +104 +23 -17 +150 -76 -4 -2 +105 -38 +129 +7 +100 -98 +115 -62 +49 -152 +72 -27 +29 -46 +116 +75 -121 -90 +114 +14 -155 +118 +5 -1 +73 +124 -71 -24 +77 -36 -45 +110 +43 -102 +59 +133 -117 -26 +147 -68 -119 +122 -35 -10 -28 +54 +61 +25 -109 $
