>NC_017160
+103 -67 +14 -16 -77 -132 +75 +28 +45 -4 +48 -24 -27 +94 +47 -123 +10 -68 +52 -31 +37 -54 +64 -22 -56 -96 +7 -44 -79 +43 +112 -8 -109 +17 +110 +36 -74 -127 -23 -90 +113 -62 +119 -118 -81 +134 +126 +99 +117 -120 +101 +34 +63 -106 -115 +46 -83 -87 +30 +29 -86 +76 +12 +102 +73 -78 +108 -40 +128 +111 -95 +39 +98 -42 +20 -33 -5 +92 -114 +105 -25 +2 -32 +13 +18 +26 -125 -131 -130 -70 +61 -100 +121 -58 -51 -122 +124 +35 +38 +21 -57 +85 -41 +93 -55 +65 -53 +72 -15 +84 -19 +104 +1 -91 +69 -129 +66 +80 +133 -3 -60 +82 -6 +88 +97 +71 -116 -50 +59 -49 +107 +11 +9 -89 $
>AL590842
+103 -67 +14 -16 -77 -132 +75 +28 +45 -4 +48 -24 -27 +94 +47 -123 +10 -68 +52 -31 +37 -54 +64 -22 -56 -96 +7 -44 +74 -36 -110 -17 +109 +8 -112 -43 +79 +126 +99 +117 -120 +101 -134 +81 +118 -119 +62 -113 +90 +23 +127 +34 +63 -106 -108 +78 -73 -102 -12 -105 +114 -92 +5 +33 -20 +42 -98 -39 +95 -111 -128 +40 -115 +46 -83 -87 +30 +29 -86 +76 -13 +32 -2 +25 +18 +26 -125 -131 -124 +122 +51 +58 -121 +100 -61 +70 +130 +35 +38 +21 -57 +85 -41 +93 -55 +65 -53 +72 -15 +84 -19 +104 +1 -91 +69 -129 +66 +80 +133 +3 -60 +82 -6 +88 +97 +71 -116 -50 +59 -49 +107 +11 +9 -89 $
>NC_005810
+103 -67 +14 -16 -77 -132 +75 +28 -69 +91 -1 +45 -4 +48 -24 -27 +94 -80 -66 +129 -104 +19 -84 +15 -72 +53 -65 +55 -93 +41 -85 +57 -58 +34 -62 +119 -118 -81 +134 +125 -26 -18 +51 -127 -23 -90 +113 +63 -106 -108 +78 -73 -102 -12 -20 +98 -42 +33 -92 +5 -39 +95 -111 -128 +40 -115 +46 -83 -87 +30 +29 -86 +76 -114 +105 -13 +32 -2 +25 -122 +124 -131 -130 -70 +38 +21 -121 +100 -61 -35 -101 +120 -117 -99 +36 -74 +126 -56 -96 +7 -44 -60 +82 -6 +88 +49 -59 +50 +116 -71 -97 +107 -79 +43 +112 -8 -110 -17 +109 +22 +64 +54 -37 +31 -52 +68 -10 +123 -47 +133 -3 +11 +9 -89 $
>CP001593
+103 -67 +14 -16 -77 -132 +75 +28 +45 -4 +48 -24 -27 +94 +47 -123 +10 -68 +52 -31 +37 -54 +64 -22 -56 -96 +7 -44 -79 +43 +112 -8 -109 +17 +110 +36 -74 +126 +99 +117 -120 +101 -134 +81 +118 -119 +62 -113 +90 +23 +127 +34 +63 -106 -108 +78 -73 -102 -12 -76 +86 -29 -30 +87 +83 -46 +115 -40 +128 +111 -95 +39 +98 -42 +20 -33 -5 +92 -114 +105 -13 +32 -107 -2 +25 +18 +26 -125 -131 -130 -70 +61 -100 +121 -58 -51 -122 +124 +35 +38 +21 -57 +85 -41 +93 -55 +65 -53 +72 -15 +84 -19 +104 +1 -91 +69 -129 +66 +3 -133 -80 -60 +82 -6 +88 +97 +71 -116 -50 +59 -49 +11 +9 -89 $
>NC_017168
-79 +43 +112 -8 -109 +17 +110 +36 -74 +44 -7 +96 +56 +22 -64 +54 -37 +31 -52 +68 -10 +123 -47 -94 +27 +24 -48 +4 -45 -28 -75 +132 +77 +16 -14 +67 -103 +89 -9 -11 -107 +49 -59 +50 +116 -71 -97 -88 +6 -82 +60 +3 -133 -80 -66 +129 -69 +91 -1 -104 +19 -84 +15 -72 +53 -65 +55 -93 +41 -85 +57 -21 -38 -35 +58 -121 +100 -61 +70 +130 -51 -122 +124 +131 +125 -26 -18 -25 +2 -32 +13 -76 +86 -29 -30 +87 +83 -46 +115 -40 +128 +111 -95 +39 +98 -42 +20 -33 -5 +92 -114 +105 +12 +102 +73 -78 +108 +106 -63 -34 +23 +127 -134 +81 +118 -119 +62 -113 +90 -101 +120 -117 -99 -126 $
>NC_010159
+103 -67 +14 -16 -77 -59 -43 +79 +44 +125 +26 -122 -61 +70 +6 +50 +28 -82 -4 +48 -94 +27 -37 +31 -52 +68 -10 +123 +1 -91 +69 -7 +96 +56 +133 -3 +47 -85 +57 -58 -24 +119 -134 +81 +118 +62 -113 +90 +23 -42 +20 +12 -13 +32 -2 +25 -18 +51 -71 +124 +34 +127 -98 -40 +128 -30 +87 -83 -46 +115 +111 -29 -95 +39 -86 +76 -33 -101 +38 -88 +114 +92 -35 -93 +41 +22 -64 +54 -106 -108 +78 -55 +65 -102 -100 +121 -21 +117 +53 +73 +63 -99 -126 +74 -36 -15 +84 +112 +110 +72 +97 +120 -19 +104 +105 +5 -131 -130 -116 -75 +11 +132 -8 -109 +17 -49 -60 -45 -80 -66 +129 -107 +9 -89 $
>NC_017265
+103 -82 +60 +75 +28 -16 -77 -132 +49 -59 +50 +116 -71 -97 -88 +6 +80 -94 +27 +24 -48 +4 -45 -79 +43 +112 -8 -109 +17 +110 +36 -74 +126 +99 +117 -120 +101 -134 +81 +118 -100 +121 -21 -38 -35 -124 +122 -25 +2 -32 +13 -105 +114 -92 +5 -128 +40 -115 +46 -83 -87 +30 +29 -86 +76 -33 +111 -95 +39 +98 -42 +20 +12 +102 +73 -78 +108 +106 -63 -34 -127 -23 -90 +113 -62 +119 -61 +70 +130 +131 +125 -26 -18 +51 +58 -57 +85 -41 +93 -55 +65 -53 +72 -15 +84 -19 +104 +1 -91 +69 -129 +66 +44 -7 +96 -31 +37 -54 +64 -22 -56 -52 +68 -10 +123 -47 -14 +67 +133 -3 +107 +11 +9 -89 $
>NC_017154
+103 -67 +14 -16 -77 -132 +75 +28 +45 -4 +48 -24 -27 +94 +47 -123 +10 -68 +52 -31 +37 -54 +64 -22 -56 -96 +7 -44 -79 +43 +112 -8 -109 +17 +110 +36 -74 +126 +99 +117 -120 +101 -134 +81 +118 -119 +62 -113 +90 +23 +127 +34 +63 -106 -108 +78 -73 -102 -12 -76 +86 +33 -20 +42 -98 -39 +95 -111 -128 +40 -115 +46 -83 -87 +30 +29 -5 +92 -114 +105 -13 +32 +58 -121 +100 -61 +70 +130 +131 +125 -26 -18 -25 +2 -51 -122 +124 +35 +38 +21 -57 +85 -41 +93 -55 +65 -53 +72 -15 +84 -19 +104 +1 -91 +69 -129 +66 +3 -133 -80 -60 +82 -6 +88 +97 +71 -116 -50 +59 -49 +107 +11 +9 -89 $
>NC_009381
-9 -11 +75 +28 -82 +60 +3 -133 -56 -96 +7 -44 -79 +43 +112 -8 -109 +17 +110 +36 -76 +86 -29 -30 +87 +83 -46 +115 -40 +128 +111 -95 +39 +98 -42 +20 +12 +102 +73 -78 +108 +106 -63 -34 +131 -101 +120 -117 -99 -126 +74 -33 -5 +92 -114 +105 -13 +32 -2 +25 -122 +124 +35 +38 +21 -121 +100 -61 +70 +130 -127 -23 -90 +113 -62 +119 -118 -81 +134 +125 -26 -18 +51 +58 -57 +85 -41 +93 -55 +65 -53 +72 -15 +84 -19 +104 -69 +91 -1 +22 -64 +54 -37 +31 -52 +68 -10 +123 -47 -129 +66 +107 +97 +71 -116 -50 +59 -49 +80 -94 +27 +24 -48 +4 -45 -6 +88 +132 +77 +16 -14 +67 -103 +89 $
>NC_004088
+103 -82 +60 +16 +133 -3 -77 -132 +49 -59 +50 +116 -71 -97 -88 +6 +45 -4 +48 -24 -27 +94 -80 -66 +129 -69 +91 -1 -104 +19 -84 +15 -72 +53 -65 +55 -93 +41 -85 +57 -58 -51 +18 +26 -125 -131 -130 -70 +61 -100 +121 -21 -38 -35 -124 +122 -25 +2 -32 +13 -105 +114 -92 +5 +33 -76 +86 -29 -30 +87 -128 +40 -115 +46 -83 +111 -95 +39 +98 -42 +20 +12 +102 +73 -78 +108 +106 -63 -34 -127 -23 -90 +113 -62 +119 -118 -81 +134 -101 +120 -117 -99 -126 +74 -36 -110 -17 +109 +8 -112 -43 +79 +44 -7 +96 +56 +22 -64 +54 -37 +31 -52 +68 -10 +123 -47 -14 +67 -107 +75 +28 +11 +9 -89 $
>CP000305
+103 -82 +60 +49 -59 +50 +116 -71 -97 -88 +6 -67 +14 +47 -123 +10 -68 +52 -31 +37 -54 +64 -22 -56 -96 +7 -44 -66 +129 -69 +91 -1 -104 +19 -84 +15 -72 +53 -65 +55 -93 +41 -85 +57 -58 -51 +18 +26 -125 -131 -130 -70 +61 -100 +121 -21 -38 -35 -39 +95 -111 -128 +40 -115 +46 -83 -87 +30 +29 -86 +76 -33 -5 +92 -114 +105 -13 +32 -2 +25 -122 +124 +98 -42 +20 +12 +102 +73 -78 +108 +106 -63 -34 -127 -23 -90 +113 -62 +119 -118 -81 +134 -101 +120 -117 -99 -126 +74 -36 -110 -17 +109 +8 -112 -43 +79 +80 -94 +27 +24 -48 +4 -45 +133 -3 +107 +11 +132 +77 +16 -28 -75 +9 -89 $
>CP000308
+103 -82 +60 +80 +49 -59 +50 +116 -77 -132 -79 +43 +112 -8 -109 +17 +110 +36 -74 +126 +99 +117 -120 +101 -134 +81 +90 +23 +127 +34 +63 -106 -108 +78 -73 -102 -12 -119 +62 -113 +118 -20 +42 -98 -39 +95 -111 -128 +40 -115 +46 -83 -87 +30 +29 -86 +76 -33 -5 +92 -114 +105 -13 +32 -2 +25 -122 +124 +35 +38 +21 -121 +100 -61 +70 +130 -131 +125 -26 -18 +51 +58 -57 +85 -41 +93 -55 +65 -53 +72 -15 +84 -19 +104 -1 -91 +69 -129 +66 -11 +44 -7 +96 +56 -28 -75 +97 +71 +16 -14 +67 +22 -64 +54 -37 -6 +88 +3 -133 +107 -10 +123 -47 -94 +27 +24 -48 +4 -45 -68 +52 -31 +9 -89 $
