Seq_id	Size	Description
1	4553770	gi|384137007|ref|NC_017168.1|
2	4504254	gi|162418099|ref|NC_010159.1|
3	4702289	gi|108777911|gb|CP000308.1|
4	4532063	gi|384412706|ref|NC_017265.1|
5	4595065	gi|45439865|ref|NC_005810.1|
6	4653728	gi|30407161|emb|AL590842.1|
7	4640720	gi|384120592|ref|NC_017154.1|
8	4626944	gi|384124469|ref|NC_017160.1|
9	4600755	gi|22123922|ref|NC_004088.1|
10	4534590	gi|108773814|gb|CP000305.1|
11	4517345	gi|145597324|ref|NC_009381.1|
12	4553586	gi|294352569|gb|CP001593.1|
--------------------------------------------------------------------------------
Block #1
Seq_id	Strand	Start	End	Length
1	+	1581420	1586498	5079
1	+	1538556	1543733	5178
1	+	1370084	1375201	5118
1	-	1093740	1088650	5091
1	-	4441539	4436422	5118
1	+	2107819	2112996	5178
2	-	3689551	3684463	5089
2	-	3621174	3616057	5118
2	+	1992092	1997209	5118
2	+	631519	636696	5178
2	+	488129	493306	5178
2	+	128314	133491	5178
2	+	12276	17393	5118
3	+	136253	141370	5118
3	+	14253	19370	5118
3	+	634241	639357	5117
3	-	3085602	3080425	5178
3	-	4037524	4032344	5181
3	-	3834183	3828997	5187
3	-	3947580	3942489	5092
4	-	3444545	3439368	5178
4	+	1118834	1123951	5118
4	+	498716	503893	5178
4	+	455852	461029	5178
4	-	4110616	4105526	5091
4	+	289457	294574	5118
4	+	12291	17408	5118
5	+	12057	17146	5090
5	+	245028	250205	5178
5	+	704161	709338	5178
5	-	3085593	3080476	5118
5	-	3441096	3435919	5178
5	-	3506285	3501168	5118
5	-	3670718	3665541	5178
6	+	12292	17381	5090
6	-	4389733	4384616	5118
6	-	4223296	4218119	5178
6	-	4180432	4175255	5178
6	-	3654148	3648971	5178
6	+	1217505	1222622	5118
7	+	12291	17380	5090
7	-	4376560	4371443	5118
7	-	4210091	4204974	5118
7	+	1208794	1213911	5118
7	-	4167283	4162106	5178
7	-	3646879	3641762	5118
8	+	1597646	1602763	5118
8	+	12292	17441	5150
8	-	4362695	4357518	5178
8	-	4196177	4191000	5178
8	-	4153312	4148196	5117
8	-	3630833	3625655	5179
9	-	4246531	4241441	5091
9	+	1024415	1029592	5178
9	-	3417303	3412186	5118
9	+	565283	570400	5118
9	+	522419	527596	5178
9	+	355956	361073	5118
9	+	12042	17159	5118
10	-	3286370	3281253	5118
10	+	953392	958569	5178
10	+	293267	298356	5090
10	+	250402	255579	5178
10	+	84018	89135	5118
10	+	12291	17408	5118
10	-	3906472	3901355	5118
11	-	1839065	1833948	5118
11	+	172828	178005	5178
11	-	4471104	4466014	5091
11	-	4284954	4279837	5118
11	-	4044484	4039367	5118
11	-	3881966	3876789	5178
11	-	3305889	3300772	5118
12	+	1266664	1271781	5118
12	+	12291	17408	5118
12	-	4270090	4264913	5178
12	-	4436123	4431006	5118
12	-	4227224	4222047	5178
12	-	3704575	3699458	5118
--------------------------------------------------------------------------------
Block #2
Seq_id	Strand	Start	End	Length
1	+	22568	30497	7930
1	-	3998966	3991067	7900
2	-	184400	176471	7930
2	+	3139677	3147576	7900
3	+	873969	881868	7900
3	+	335435	343364	7930
4	+	826536	834465	7930
4	-	2607928	2600029	7900
5	+	3936538	3944467	7930
5	+	1489010	1496909	7900
6	-	1082706	1074777	7930
6	+	1660105	1668004	7900
7	+	1671688	1679617	7930
7	+	920272	928170	7899
8	+	922381	930280	7900
8	+	1652183	1660113	7931
9	-	3710813	3702884	7930
9	-	2987527	2979631	7897
10	-	2823591	2815692	7900
10	-	3578690	3570760	7931
11	-	1704860	1696961	7900
11	+	604724	612653	7930
12	+	978126	986025	7900
12	+	1729615	1737544	7930
--------------------------------------------------------------------------------
Block #3
Seq_id	Strand	Start	End	Length
1	-	2090068	2084728	5341
2	+	904324	909664	5341
3	-	3178390	3173050	5341
4	+	3462295	3467635	5341
5	-	417470	412425	5046
6	+	3671899	3677239	5341
7	+	3662672	3668013	5342
8	+	3648584	3653924	5341
9	-	1006664	1001324	5341
10	-	937600	932260	5341
11	-	3481003	3475958	5046
12	+	3722326	3727666	5341
--------------------------------------------------------------------------------
Block #4
Seq_id	Strand	Start	End	Length
1	+	2910965	2934145	23181
2	-	1863559	1840342	23218
3	-	2278521	2255341	23181
4	+	1541781	1564960	23180
5	-	2615550	2592358	23193
6	-	2851471	2828291	23181
7	+	3158500	3181681	23182
8	+	2758109	2781291	23183
9	+	1820698	1843907	23210
10	-	2413255	2390075	23181
11	-	2201700	2178496	23205
12	-	2908098	2884918	23181
--------------------------------------------------------------------------------
Block #5
Seq_id	Strand	Start	End	Length
1	+	1668610	1758927	90318
2	-	1289405	1197780	91626
3	+	4079495	4169801	90307
4	-	4249796	4159476	90321
5	-	4460349	4370263	90087
6	+	4044442	4134759	90318
7	+	3936498	4026817	90320
8	-	4065917	3975599	90319
9	-	258849	168529	90321
10	-	4045669	3955332	90338
11	+	260287	350577	90291
12	+	3996384	4086703	90320
--------------------------------------------------------------------------------
Block #6
Seq_id	Strand	Start	End	Length
1	+	793206	831357	38152
2	-	682997	644153	38845
3	+	4480949	4519100	38152
4	+	684342	722493	38152
5	-	493600	453480	40121
6	-	312608	273746	38863
7	-	308946	270794	38153
8	-	310982	272831	38152
9	-	638728	600577	38152
10	+	3833017	3871168	38152
11	+	4211477	4249638	38162
12	-	308952	270801	38152
--------------------------------------------------------------------------------
Block #7
Seq_id	Strand	Start	End	Length
1	-	3753033	3729718	23316
2	+	3732711	3756011	23301
3	-	2076369	2052899	23471
4	+	1742489	1765828	23340
5	+	2003658	2027382	23725
6	+	1906053	1929368	23316
7	-	2649243	2625920	23324
8	-	2631089	2607762	23328
9	+	2021370	2044709	23340
10	-	2212716	2189380	23337
11	-	2003886	1980566	23321
12	-	2602100	2578753	23348
--------------------------------------------------------------------------------
Block #8
Seq_id	Strand	Start	End	Length
1	+	1566202	1581419	15218
2	+	472911	488128	15218
3	-	4052742	4037525	15218
4	+	483498	498715	15218
5	-	3456333	3441097	15237
6	-	4195650	4180433	15218
7	-	4182503	4167284	15220
8	-	4168531	4153313	15219
9	+	550065	565282	15218
10	+	278049	293266	15218
11	-	4300178	4284955	15224
12	-	4242444	4227225	15220
--------------------------------------------------------------------------------
Block #9
Seq_id	Strand	Start	End	Length
1	-	443084	414579	28506
2	-	1105540	1075708	29833
3	-	3532674	3502840	29835
4	-	3825134	3795301	29834
5	+	3253598	3283429	29832
6	+	660766	690600	29835
7	+	656426	686261	29836
8	+	658613	688446	29834
9	-	3959773	3929939	29835
10	+	572300	602130	29831
11	+	442722	472567	29846
12	+	714285	744109	29825
--------------------------------------------------------------------------------
Block #10
Seq_id	Strand	Start	End	Length
1	-	97524	91762	5763
2	-	4053885	4048117	5769
3	-	409129	403380	5750
4	-	899588	893826	5763
5	-	4010879	4005117	5763
6	+	1007750	1013512	5763
7	-	988292	982531	5762
8	-	990268	984506	5763
9	+	3637758	3643520	5763
10	+	3505605	3511367	5763
11	-	672771	667009	5763
12	-	1046148	1040386	5763
--------------------------------------------------------------------------------
Block #11
Seq_id	Strand	Start	End	Length
1	-	1147917	1139997	7921
2	+	4462369	4470289	7921
3	+	4660404	4668324	7921
4	+	4490183	4498103	7921
5	+	4552939	4560859	7921
6	+	4611842	4619762	7921
7	+	4598832	4606754	7923
8	+	4585060	4592979	7920
9	+	4558620	4566540	7921
10	+	4492864	4500624	7761
11	-	7924	1	7924
12	+	4511700	4519620	7921
--------------------------------------------------------------------------------
Block #12
Seq_id	Strand	Start	End	Length
1	-	645278	635287	9992
2	-	854753	844777	9977
3	-	4333490	4323501	9990
4	-	4025364	4015373	9992
5	-	4266488	4256493	9996
6	+	458577	468568	9992
7	+	454222	464213	9992
8	+	456412	466403	9992
9	-	4161981	4151989	9993
10	+	377786	387777	9992
11	-	3640377	3630473	9905
12	+	512070	522061	9992
--------------------------------------------------------------------------------
Block #13
Seq_id	Strand	Start	End	Length
1	+	2004023	2072719	68697
2	-	990844	921573	69272
3	+	3096638	3165350	68713
4	-	3545866	3477144	68723
5	+	335916	403932	68017
6	-	3755282	3686593	68690
7	-	3746102	3677389	68714
8	-	3732139	3663435	68705
9	+	923268	991986	68719
10	+	852255	920963	68709
11	+	3399479	3467487	68009
12	-	3805898	3737176	68723
--------------------------------------------------------------------------------
Block #14
Seq_id	Strand	Start	End	Length
1	-	1191064	1149462	41603
2	+	3991082	4032645	41564
3	-	3378506	3335152	43355
4	+	4447038	4488638	41601
5	+	4509779	4551362	41584
6	+	4568695	4610297	41603
7	+	4555686	4597287	41602
8	+	4541921	4583523	41603
9	+	4515482	4557083	41602
10	+	4244274	4285875	41602
11	-	51069	9469	41601
12	+	4468554	4510155	41602
--------------------------------------------------------------------------------
Block #15
Seq_id	Strand	Start	End	Length
1	+	3852074	3879976	27903
2	+	1731999	1759867	27869
3	-	1018928	991025	27904
4	+	2462980	2490883	27904
5	-	1632468	1604563	27906
6	-	1806997	1779095	27903
7	-	1821647	1793745	27903
8	+	1959796	1987699	27904
9	+	2842632	2870488	27857
10	+	2677935	2705837	27903
11	+	1559149	1587051	27903
12	-	1879555	1851653	27903
--------------------------------------------------------------------------------
Block #16
Seq_id	Strand	Start	End	Length
1	+	2974722	3013786	39065
2	-	1801749	1762989	38761
3	-	2219429	2180487	38943
4	+	1605468	1644234	38767
5	-	2557306	2518571	38736
6	-	2787714	2748647	39068
7	-	2787186	2748161	39026
8	+	2821857	2860869	39013
9	+	1884387	1923184	38798
10	-	2349567	2310908	38660
11	-	2139920	2100941	38980
12	-	2740036	2701018	39019
--------------------------------------------------------------------------------
Block #17
Seq_id	Strand	Start	End	Length
1	-	1079831	1066266	13566
2	+	26131	39826	13696
3	-	3933670	3919395	14276
4	-	4095986	4082424	13563
5	+	25996	39561	13566
6	+	26201	39766	13566
7	+	26199	39764	13566
8	+	26259	39824	13566
9	-	4232611	4219046	13566
10	+	307187	320752	13566
11	-	4457315	4444330	12986
12	+	26200	39765	13566
--------------------------------------------------------------------------------
Block #18
Seq_id	Strand	Start	End	Length
1	+	2149784	2200426	50643
2	-	3531092	3482674	48419
3	-	3043860	2993219	50642
4	-	3404554	3352460	52095
5	+	746135	794677	48543
6	-	3612182	3561541	50642
7	-	3604970	3556288	48683
8	-	3588867	3540185	48683
9	+	1066383	1114941	48559
10	+	993684	1042081	48398
11	-	3256153	3207761	48393
12	-	3662669	3613987	48683
--------------------------------------------------------------------------------
Block #19
Seq_id	Strand	Start	End	Length
1	+	1001253	1065304	64052
2	-	107164	40462	66703
3	+	3854381	3918433	64053
4	-	238937	174884	64054
5	-	106519	40523	65997
6	-	103840	40728	63113
7	-	104779	40726	64054
8	-	104840	40786	64055
9	+	56600	120648	64049
10	+	4309017	4373069	64053
11	+	4379304	4443368	64065
12	-	104779	40727	64053
--------------------------------------------------------------------------------
Block #20
Seq_id	Strand	Start	End	Length
1	+	102136	168965	66830
2	+	4058497	4125148	66652
3	+	415714	484507	68794
4	+	904200	971037	66838
5	-	4108095	4041267	66829
6	-	1003137	936309	66829
7	+	992904	1059735	66832
8	+	994880	1061710	66831
9	-	3633145	3566332	66814
10	-	3500992	3434155	66838
11	+	678373	744955	66583
12	+	1051039	1117592	66554
--------------------------------------------------------------------------------
Block #21
Seq_id	Strand	Start	End	Length
1	-	2874657	2816243	58415
2	-	1954810	1896255	58556
3	-	2822842	2762587	60256
4	-	3185670	3126811	58860
5	-	1231129	1172593	58537
6	+	2887778	2946193	58416
7	-	3122162	3063640	58523
8	+	2869089	2927438	58350
9	+	1283686	1342325	58640
10	+	1213570	1272236	58667
11	-	3040836	2981836	59001
12	+	2944714	3002775	58062
--------------------------------------------------------------------------------
Block #22
Seq_id	Strand	Start	End	Length
1	+	2112997	2134756	21760
2	-	3684433	3662978	21456
3	-	3080424	3058697	21728
4	-	3439367	3417623	21745
5	+	709339	731098	21760
6	-	3648970	3627211	21760
7	-	3641761	3619999	21763
8	-	3625654	3603896	21759
9	+	1029593	1051352	21760
10	+	958570	980329	21760
11	-	3300771	3278996	21776
12	-	3699457	3677698	21760
--------------------------------------------------------------------------------
Block #23
Seq_id	Strand	Start	End	Length
1	+	3608914	3621243	12330
2	-	2093230	2081396	11835
3	-	1333239	1320910	12330
4	+	2384909	2397238	12330
5	+	1737201	1749244	12044
6	-	2052131	2039802	12330
7	-	2051498	2039169	12330
8	+	2486973	2499256	12284
9	+	2764585	2776914	12330
10	+	2599855	2612184	12330
11	+	1484012	1495813	11802
12	+	2457966	2470295	12330
--------------------------------------------------------------------------------
Block #24
Seq_id	Strand	Start	End	Length
1	+	3666527	3679386	12860
2	+	1714925	1727688	12764
3	-	1273674	1260836	12839
4	+	2442529	2455387	12859
5	-	1649397	1636505	12893
6	-	1992559	1979700	12860
7	-	1993886	1981319	12568
8	+	2544587	2557447	12861
9	+	2822198	2835039	12842
10	+	2657483	2670342	12860
11	+	1541213	1553834	12622
12	+	2515579	2528438	12860
--------------------------------------------------------------------------------
Block #25
Seq_id	Strand	Start	End	Length
1	-	2357419	2334143	23277
2	-	3335282	3311743	23540
3	+	2511629	2535184	23556
4	-	1309168	1285613	23556
5	+	2960700	2984248	23549
6	+	3404647	3427923	23277
7	+	3402013	3425291	23279
8	+	3384006	3407282	23277
9	-	1590006	1566451	23556
10	-	1519928	1496373	23556
11	+	2430265	2453821	23557
12	+	3459051	3482327	23277
--------------------------------------------------------------------------------
Block #26
Seq_id	Strand	Start	End	Length
1	+	490602	515602	25001
2	+	3053705	3078599	24895
3	+	3949850	3974850	25001
4	-	3948775	3923774	25002
5	+	4114385	4139462	25078
6	-	613248	588247	25002
7	-	608907	583896	25012
8	-	611096	586071	25026
9	+	4007291	4032291	25001
10	-	530532	505531	25002
11	+	3487861	3512561	24701
12	-	666767	642041	24727
--------------------------------------------------------------------------------
Block #27
Seq_id	Strand	Start	End	Length
1	+	4038568	4088660	50093
2	+	1619431	1670889	51459
3	+	714532	764581	50050
4	-	2765335	2715267	50069
5	-	1371321	1321259	50063
6	+	1504695	1554787	50093
7	+	1516228	1566284	50057
8	-	1257581	1207512	50070
9	-	3144995	3094911	50085
10	-	2981012	2930913	50100
11	-	2689326	2639283	50044
12	+	1574123	1624207	50085
--------------------------------------------------------------------------------
Block #28
Seq_id	Strand	Start	End	Length
1	+	780390	787413	7024
2	-	1360485	1353462	7024
3	+	4468077	4475156	7080
4	+	671526	678556	7031
5	-	506430	499393	7038
6	-	325424	318401	7024
7	-	321813	314739	7075
8	-	323819	316775	7045
9	-	651573	644515	7059
10	+	3820173	3827224	7052
11	+	4198641	4205685	7045
12	-	321810	314745	7066
--------------------------------------------------------------------------------
Block #29
Seq_id	Strand	Start	End	Length
1	-	2909417	2879025	30393
2	+	1865107	1895480	30374
3	+	2280069	2310447	30379
4	-	1540233	1509818	30416
5	+	2617098	2647502	30405
6	+	2853019	2883411	30393
7	-	3156952	3126530	30423
8	-	2756561	2726162	30400
9	-	1819150	1788751	30400
10	+	2414803	2445225	30423
11	+	2203248	2233623	30376
12	+	2909646	2940053	30408
--------------------------------------------------------------------------------
Block #30
Seq_id	Strand	Start	End	Length
1	-	2816219	2806392	9828
2	+	346695	355998	9304
3	-	2762586	2752753	9834
4	-	3126810	3116977	9834
5	-	1172592	1163340	9253
6	+	2946194	2956044	9851
7	-	3063639	3053806	9834
8	+	2927439	2937605	10167
9	+	1342326	1352333	10008
10	+	1272237	1282257	10021
11	-	2981808	2972869	8940
12	+	3002776	3012627	9852
--------------------------------------------------------------------------------
Block #31
Seq_id	Strand	Start	End	Length
1	+	738478	780389	41912
2	+	727635	769628	41994
3	+	4424772	4468076	43305
4	+	630200	671525	41326
5	-	547776	506431	41346
6	-	367336	325425	41912
7	-	363137	321814	41324
8	-	365144	323820	41325
9	-	692898	651574	41325
10	+	3778883	3820172	41290
11	+	4157339	4198640	41302
12	-	420960	321811	99150
--------------------------------------------------------------------------------
Block #32
Seq_id	Strand	Start	End	Length
1	-	884746	862605	22142
2	+	603526	626696	23171
3	-	3605842	3583701	22142
4	+	148057	170197	22141
5	+	219069	241209	22141
6	+	220357	242497	22141
7	+	217358	239500	22143
8	+	219397	241537	22141
9	+	4441461	4463601	22141
10	-	4399896	4378049	21848
11	+	146868	169008	22141
12	+	217366	239506	22141
--------------------------------------------------------------------------------
Block #33
Seq_id	Strand	Start	End	Length
1	-	3131301	3126117	5185
2	-	2507998	2502812	5187
3	+	1894838	1900022	5185
4	+	1937446	1942630	5185
5	+	2369594	2374778	5185
6	+	2631125	2636309	5185
7	+	2619277	2624461	5185
8	+	1843378	1848562	5185
9	-	2195874	2190690	5185
10	+	2033275	2038459	5185
11	-	912453	907269	5185
12	-	1993305	1988121	5185
--------------------------------------------------------------------------------
Block #34
Seq_id	Strand	Start	End	Length
1	-	3151742	3131331	20412
2	-	2318053	2297661	20393
3	+	1874410	1894808	20399
4	+	1916987	1937416	20430
5	+	2349157	2369564	20408
6	+	2610684	2631095	20412
7	+	2598854	2619247	20394
8	+	1822919	1843348	20430
9	-	2216333	2195904	20430
10	+	2012816	2033245	20430
11	-	932894	912483	20412
12	-	2013764	1993335	20430
--------------------------------------------------------------------------------
Block #35
Seq_id	Strand	Start	End	Length
1	+	568928	583991	15064
2	+	777690	792157	14468
3	-	4613164	4598101	15064
4	-	3872410	3857347	15064
5	+	4190823	4205289	14467
6	-	534927	519864	15064
7	-	530572	515509	15064
8	-	532761	517698	15064
9	+	4083676	4098739	15064
10	-	454130	439067	15064
11	+	3565544	3579997	14454
12	-	588421	573358	15064
--------------------------------------------------------------------------------
Block #36
Seq_id	Strand	Start	End	Length
1	-	2970873	2949796	21078
2	+	1805604	1826678	21075
3	+	2223278	2244356	21079
4	-	1601619	1580611	21009
5	+	2557634	2578694	21061
6	+	2791563	2812640	21078
7	+	2791035	2812113	21079
8	-	2818008	2796942	21067
9	-	1880538	1859530	21009
10	+	2353416	2374424	21009
11	+	2143769	2164848	21080
12	+	2743885	2764963	21079
--------------------------------------------------------------------------------
Block #37
Seq_id	Strand	Start	End	Length
1	-	3728755	3690139	38617
2	-	2803631	2764527	39105
3	-	2051936	2013348	38589
4	-	2090238	2051640	38599
5	+	1898897	1937461	38565
6	+	1930331	1968947	38617
7	+	1931656	1970272	38617
8	-	2606799	2568197	38603
9	+	2045672	2084252	38581
10	-	2188417	2149783	38635
11	-	1979603	1940915	38689
12	-	2577790	2539191	38600
--------------------------------------------------------------------------------
Block #38
Seq_id	Strand	Start	End	Length
1	-	4037109	4032052	5058
2	+	2013297	2018354	5058
3	+	833710	838767	5058
4	-	2646223	2641166	5058
5	+	938064	943121	5058
6	+	1621874	1626931	5058
7	+	1633387	1638444	5058
8	+	1613883	1618940	5058
9	-	3025820	3020763	5058
10	-	2861885	2856828	5058
11	-	1743161	1738104	5058
12	+	1691321	1696378	5058
--------------------------------------------------------------------------------
Block #39
Seq_id	Strand	Start	End	Length
1	-	2485397	2476944	8454
2	-	3019824	3011392	8433
3	+	2381965	2390418	8454
4	-	1439171	1430718	8454
5	-	3069353	3060900	8454
6	+	3276545	3284998	8454
7	+	3273950	3282403	8454
8	+	3255875	3264328	8454
9	-	1718164	1709711	8454
10	-	1648086	1639633	8454
11	+	2302455	2310908	8454
12	+	3330914	3339367	8454
--------------------------------------------------------------------------------
Block #40
Seq_id	Strand	Start	End	Length
1	+	198820	220774	21955
2	-	3480601	3458650	21952
3	+	514346	536292	21947
4	+	1000908	1022854	21947
5	+	3142950	3164883	21934
6	-	906454	884508	21947
7	+	1089607	1111554	21948
8	+	1092278	1114226	21949
9	-	3536478	3514524	21955
10	-	3404316	3382370	21947
11	+	774796	796732	21937
12	+	1147463	1169409	21947
--------------------------------------------------------------------------------
Block #41
Seq_id	Strand	Start	End	Length
1	+	3215506	3268760	53255
2	-	2382603	2329215	53389
3	-	1818848	1765586	53263
4	-	1862169	1808777	53393
5	-	2292794	2239492	53303
6	-	2546888	2493634	53255
7	-	2543806	2490542	53265
8	-	1767887	1714607	53281
9	-	2323276	2269894	53383
10	-	1956993	1902461	54533
11	+	989401	1042653	53253
12	+	2066599	2119863	53265
--------------------------------------------------------------------------------
Block #42
Seq_id	Strand	Start	End	Length
1	-	568927	560862	8066
2	-	777689	769632	8058
3	-	4028224	4020168	8057
4	+	3872411	3880476	8066
5	-	4190822	4182757	8066
6	+	534928	542993	8066
7	+	530573	538638	8066
8	+	532762	540827	8066
9	-	4083675	4075610	8066
10	+	454131	462196	8066
11	-	3565543	3557478	8066
12	+	588422	596487	8066
--------------------------------------------------------------------------------
Block #43
Seq_id	Strand	Start	End	Length
1	-	2475717	2362280	113438
2	+	2817613	2930063	112451
3	+	2391645	2506768	115124
4	-	1429491	1314029	115463
5	+	2845598	2958308	112711
6	+	3286225	3399786	113562
7	+	3283630	3397152	113523
8	+	3265555	3379145	113591
9	-	1708484	1594867	113618
10	-	1638407	1524789	113619
11	+	2312135	2425410	113276
12	+	3340594	3454190	113597
--------------------------------------------------------------------------------
Block #44
Seq_id	Strand	Start	End	Length
1	+	3439130	3520523	81394
2	+	2552050	2628734	76685
3	-	1607156	1526292	80865
4	+	2218332	2296504	78173
5	-	2105250	2028841	76410
6	-	2322851	2241293	81559
7	-	2319779	2240855	78925
8	+	2218156	2297065	78910
9	+	2496637	2575550	78914
10	-	1731475	1652590	78886
11	+	1211206	1292176	80971
12	+	2290657	2369546	78890
--------------------------------------------------------------------------------
Block #45
Seq_id	Strand	Start	End	Length
1	-	3295800	3291725	4076
2	-	2251534	2247452	4083
3	+	1738556	1742638	4083
4	+	1781730	1785812	4083
5	+	2212462	2216544	4083
6	+	2466594	2470669	4076
7	+	2463495	2467576	4082
8	-	2074502	2070420	4083
9	+	2242829	2246911	4083
10	+	1875217	1879299	4083
11	-	1070276	1066194	4083
12	-	2146910	2142828	4083
--------------------------------------------------------------------------------
Block #46
Seq_id	Strand	Start	End	Length
1	+	2279471	2295068	15598
2	+	3032438	3048037	15600
3	-	2914170	2898573	15598
4	-	3276088	3260494	15595
5	+	871103	886699	15597
6	-	3482498	3466900	15599
7	-	3479909	3464312	15598
8	-	3461909	3446312	15598
9	+	1193274	1208871	15598
10	+	1121124	1136721	15598
11	-	3130641	3115046	15596
12	-	3536902	3521305	15598
--------------------------------------------------------------------------------
Block #47
Seq_id	Strand	Start	End	Length
1	-	3664104	3628205	35900
2	-	1712502	1674807	37696
3	+	1276097	1313947	37851
4	-	2440105	2404200	35906
5	-	1792202	1756206	35997
6	+	1996941	2032840	35900
7	+	1996309	2032208	35900
8	-	2542164	2506265	35900
9	-	2819774	2783876	35899
10	-	2655059	2619146	35914
11	-	1538790	1502775	36016
12	-	2513156	2477257	35900
--------------------------------------------------------------------------------
Block #48
Seq_id	Strand	Start	End	Length
1	+	12293	18935	6643
2	-	194669	188033	6637
3	+	325165	331802	6638
4	+	816271	822903	6633
5	+	3926261	3932899	6639
6	-	1092981	1086339	6643
7	+	910002	916639	6638
8	+	912111	918748	6638
9	-	3721083	3714446	6638
10	-	3588955	3582323	6633
11	+	594447	601085	6639
12	+	967850	974487	6638
--------------------------------------------------------------------------------
Block #49
Seq_id	Strand	Start	End	Length
1	+	308689	406975	98287
2	+	228026	324330	96305
3	+	3396237	3495236	99000
4	+	3692648	3789656	97009
5	-	3387167	3290398	96770
6	-	796603	698204	98400
7	-	790383	691906	98478
8	-	792541	694093	98449
9	+	3827287	3924294	97008
10	-	704818	607775	97044
11	-	576757	480171	96587
12	-	848203	749754	98450
--------------------------------------------------------------------------------
Block #50
Seq_id	Strand	Start	End	Length
1	-	857921	831358	26564
2	-	4204093	4177530	26564
3	-	4545664	4519101	26564
4	-	749058	722494	26565
5	+	426895	453479	26585
6	+	247182	273745	26564
7	+	244185	270793	26609
8	+	246221	272830	26610
9	+	574015	600576	26562
10	-	3897733	3871169	26565
11	-	4276222	4249639	26584
12	+	244191	270800	26610
--------------------------------------------------------------------------------
Block #51
Seq_id	Strand	Start	End	Length
1	-	3283501	3268761	14741
2	-	2432835	2417605	15231
3	+	1750862	1765585	14724
4	+	1794036	1808776	14741
5	+	2224768	2239491	14724
6	+	2478893	2493633	14741
7	+	2475801	2490541	14741
8	+	1699863	1714606	14744
9	+	2255136	2269893	14758
10	+	1887523	1902280	14758
11	-	1057976	1042654	15323
12	-	2134604	2119864	14741
--------------------------------------------------------------------------------
Block #52
Seq_id	Strand	Start	End	Length
1	-	703309	694933	8377
2	+	1290537	1298913	8377
3	-	4389560	4381184	8377
4	-	4081463	4073087	8377
5	-	4322383	4314001	8383
6	+	402505	410881	8377
7	+	398157	406533	8377
8	+	400357	408733	8377
9	-	4218085	4209709	8377
10	+	321713	330089	8377
11	-	3696498	3688122	8377
12	+	456005	464381	8377
--------------------------------------------------------------------------------
Block #53
Seq_id	Strand	Start	End	Length
1	-	792128	787475	4654
2	+	684075	688704	4630
3	-	4479871	4475218	4654
4	-	683264	678618	4647
5	+	494678	499331	4654
6	+	313686	318339	4654
7	+	310024	314677	4654
8	+	312060	316713	4654
9	+	639806	644453	4648
10	-	3831939	3827286	4654
11	-	4210400	4205747	4654
12	+	310030	314683	4654
--------------------------------------------------------------------------------
Block #54
Seq_id	Strand	Start	End	Length
1	+	1341982	1360670	18689
2	-	4144700	4125857	18844
3	+	108201	126839	18639
4	+	261186	280043	18858
5	+	3472900	3491752	18853
6	-	4418004	4399146	18859
7	-	4404833	4385974	18860
8	-	4390966	4372108	18859
9	+	327684	346542	18859
10	+	55746	74604	18859
11	-	4072756	4053898	18859
12	-	4464396	4445537	18860
--------------------------------------------------------------------------------
Block #55
Seq_id	Strand	Start	End	Length
1	+	1375204	1485316	110113
2	+	493309	603373	110065
3	+	141373	250904	109532
4	+	294577	402677	108101
5	+	3506286	3613092	106807
6	-	4384613	4276522	108092
7	-	4371440	4263311	108130
8	-	4357515	4249409	108107
9	+	361076	469227	108152
10	+	89138	197195	108058
11	-	4039364	3932475	106890
12	-	4431003	4323392	107612
--------------------------------------------------------------------------------
Block #56
Seq_id	Strand	Start	End	Length
1	-	2643852	2621500	22353
2	+	1955489	1977849	22361
3	+	2824844	2847196	22353
4	+	3186770	3209124	22355
5	+	1231808	1254159	22352
6	+	3118572	3140924	22353
7	-	3205651	3183299	22353
8	-	3187596	3165245	22352
9	-	1282586	1260234	22353
10	-	1212470	1190118	22353
11	+	3041515	3063809	22295
12	-	3262635	3240282	22354
--------------------------------------------------------------------------------
Block #57
Seq_id	Strand	Start	End	Length
1	-	620728	583992	36737
2	-	829211	792158	37054
3	+	4561364	4598100	36737
4	-	4000819	3964084	36736
5	-	4241911	4205290	36622
6	+	483126	519863	36738
7	+	478771	515508	36738
8	+	480962	517697	36736
9	-	4135476	4098740	36737
10	+	402330	439066	36737
11	-	3615910	3580189	35722
12	+	536913	573357	36445
--------------------------------------------------------------------------------
Block #58
Seq_id	Strand	Start	End	Length
1	+	2212933	2220029	7097
2	+	3346773	3353869	7097
3	-	2980713	2973608	7106
4	-	3340666	3333570	7097
5	+	806491	813587	7097
6	-	3549034	3541938	7097
7	-	3544492	3537397	7096
8	-	3526452	3519356	7097
9	+	1126736	1133387	6652
10	+	1054587	1061683	7097
11	-	3195989	3188894	7096
12	-	3601480	3594384	7097
--------------------------------------------------------------------------------
Block #59
Seq_id	Strand	Start	End	Length
1	+	524985	560861	35877
2	+	3087973	3122553	34581
3	+	3984306	4020167	35862
4	-	3914392	3880477	33916
5	+	4148856	4182756	33901
6	-	578870	542994	35877
7	-	574514	538639	35876
8	-	576689	540828	35862
9	+	4041691	4075609	33919
10	-	496115	462197	33919
11	+	3524089	3557477	33389
12	-	632364	596488	35877
--------------------------------------------------------------------------------
Block #60
Seq_id	Strand	Start	End	Length
1	+	2245831	2266607	20777
2	-	3224547	3203556	20992
3	-	2947805	2927034	20772
4	-	3307768	3286992	20777
5	+	839389	860165	20777
6	-	3516136	3495360	20777
7	-	3511596	3490820	20777
8	-	3493555	3472779	20777
9	+	1161593	1182370	20778
10	+	1089738	1110220	20483
11	-	3162671	3141577	21095
12	-	3568582	3547806	20777
--------------------------------------------------------------------------------
Block #61
Seq_id	Strand	Start	End	Length
1	+	475296	488931	13636
2	+	1137749	1151383	13635
3	+	3564886	3578521	13636
4	-	3964082	3950446	13637
5	-	3221370	3207735	13636
6	-	628554	614919	13636
7	-	624212	610578	13635
8	-	626402	612767	13636
9	+	3991985	4005620	13636
10	-	546146	532203	13944
11	-	410486	396851	13636
12	-	682073	668438	13636
--------------------------------------------------------------------------------
Block #62
Seq_id	Strand	Start	End	Length
1	+	2328831	2334142	5312
2	+	1333850	1339121	5272
3	-	2864899	2859589	5311
4	-	3226828	3221518	5311
5	+	920363	925673	5311
6	-	3433234	3427924	5311
7	-	3430602	3425292	5311
8	-	3412592	3407283	5310
9	+	1242530	1247841	5312
10	+	1172414	1177725	5312
11	-	3081512	3076202	5311
12	-	3487638	3482328	5311
--------------------------------------------------------------------------------
Block #63
Seq_id	Strand	Start	End	Length
1	-	73158	40209	32950
2	+	137472	171705	34234
3	-	386026	353095	32932
4	-	877172	844226	32947
5	-	3988471	3954225	34247
6	+	1032116	1065065	32950
7	-	965886	932936	32951
8	-	967861	934909	32953
9	+	3660194	3693143	32950
10	+	3528021	3560969	32949
11	-	650364	617419	32946
12	-	1023741	990791	32951
--------------------------------------------------------------------------------
Block #64
Seq_id	Strand	Start	End	Length
1	+	2486361	2498067	11707
2	-	1350549	1339122	11428
3	+	2848161	2859588	11428
4	+	3210089	3221517	11429
5	-	937100	925674	11427
6	+	3141889	3153595	11707
7	+	2827111	2838817	11707
8	-	3164280	3152573	11708
9	-	1259269	1247842	11428
10	-	1189153	1177726	11428
11	+	3064774	3076201	11428
12	-	3239317	3227611	11707
--------------------------------------------------------------------------------
Block #65
Seq_id	Strand	Start	End	Length
1	-	1370083	1360671	9413
2	-	128313	118901	9413
3	-	136252	126840	9413
4	-	289456	280044	9413
5	-	3501165	3491753	9413
6	+	4389735	4399145	9411
7	+	4376561	4385973	9413
8	+	4362696	4372107	9412
9	-	355955	346543	9413
10	-	84017	74605	9413
11	+	4044485	4053897	9413
12	+	4436124	4445536	9413
--------------------------------------------------------------------------------
Block #66
Seq_id	Strand	Start	End	Length
1	+	2936258	2945130	8873
2	-	1840216	1831344	8873
3	-	2253228	2244357	8872
4	+	1567079	1575945	8867
5	-	2592232	2583360	8873
6	-	2826178	2817306	8873
7	-	2825651	2816779	8873
8	+	2783404	2792276	8873
9	+	1845992	1854864	8873
10	-	2387962	2379090	8873
11	-	2178370	2169514	8857
12	-	2778501	2769629	8873
--------------------------------------------------------------------------------
Block #67
Seq_id	Strand	Start	End	Length
1	+	1591680	1623067	31388
2	-	4177514	4146292	31223
3	+	24700	56117	31418
4	+	22737	54151	31415
5	-	3430589	3399170	31420
6	-	4169925	4138538	31388
7	-	4156776	4125384	31393
8	-	4142866	4111474	31393
9	+	22488	53722	31235
10	+	22737	54154	31418
11	+	183335	214750	31416
12	-	4216717	4185300	31418
--------------------------------------------------------------------------------
Block #68
Seq_id	Strand	Start	End	Length
1	-	2573935	2547320	26616
2	-	447639	421566	26074
3	-	2612566	2586394	26173
4	-	2979489	2953331	26159
5	-	3060082	3033839	26244
6	-	3228979	3202834	26146
7	-	2914206	2888078	26129
8	+	3077201	3103320	26120
9	+	1491066	1517193	26128
10	+	1420970	1447113	26144
11	-	2529314	2503053	26262
12	+	3152226	3178353	26128
--------------------------------------------------------------------------------
Block #69
Seq_id	Strand	Start	End	Length
1	+	4299843	4342595	42753
2	+	1495509	1537558	42050
3	+	1080524	1125212	44689
4	-	2890293	2847525	42769
5	-	984874	943122	41753
6	+	1377800	1420534	42735
7	+	1391258	1434027	42770
8	-	1382553	1339786	42768
9	-	3269942	3227173	42770
10	-	3105930	3063182	42749
11	-	2814326	2772219	42108
12	+	1449159	1491928	42770
--------------------------------------------------------------------------------
Block #70
Seq_id	Strand	Start	End	Length
1	-	4032051	4016793	15259
2	+	3390296	3405887	15592
3	+	838768	854095	15328
4	-	2641165	2625837	15329
5	+	1453539	1469141	15603
6	+	1626932	1642190	15259
7	+	1638445	1653773	15329
8	+	1618941	1634268	15328
9	-	3020762	3005436	15327
10	-	2856827	2841500	15328
11	-	1738103	1722775	15329
12	+	1696379	1711706	15328
--------------------------------------------------------------------------------
Block #71
Seq_id	Strand	Start	End	Length
1	-	524984	520289	4696
2	-	3087972	3083287	4686
3	-	3984305	3979537	4769
4	+	3914393	3919088	4696
5	+	4141199	4145905	4707
6	+	578871	583561	4691
7	+	574515	579210	4696
8	+	576690	581385	4696
9	-	4041690	4036978	4713
10	+	496116	500845	4730
11	-	3523998	3519576	4423
12	+	632365	637060	4696
--------------------------------------------------------------------------------
Block #72
Seq_id	Strand	Start	End	Length
1	-	2245830	2220030	25801
2	+	3224548	3251551	27004
3	+	2947806	2973607	25802
4	+	3307769	3333569	25801
5	-	839388	813588	25801
6	+	3516137	3541937	25801
7	+	3511597	3537396	25800
8	+	3493556	3519355	25800
9	-	1161592	1135792	25801
10	-	1089443	1061684	27760
11	+	3162672	3188893	26222
12	+	3568583	3594383	25801
--------------------------------------------------------------------------------
Block #73
Seq_id	Strand	Start	End	Length
1	-	1916072	1858460	57613
2	-	4309371	4251776	57596
3	+	3275683	3333295	57613
4	+	3633877	3691190	57314
5	-	690484	632875	57610
6	+	3843233	3900846	57614
7	+	3833979	3891593	57615
8	+	3820076	3877688	57613
9	-	835236	777920	57317
10	-	763240	706276	56965
11	+	3702323	3759921	57599
12	+	3894160	3951479	57320
--------------------------------------------------------------------------------
Block #74
Seq_id	Strand	Start	End	Length
1	+	1079832	1087379	7548
2	-	26130	18703	7428
3	+	3933671	3941218	7548
4	+	4096697	4104255	7559
5	-	25995	18437	7559
6	-	26200	18653	7548
7	-	26198	18652	7547
8	-	26258	18712	7547
9	+	4232612	4240170	7559
10	-	307186	299628	7559
11	+	4457316	4464743	7428
12	-	26199	18652	7548
--------------------------------------------------------------------------------
Block #75
Seq_id	Strand	Start	End	Length
1	+	620729	634972	14244
2	+	830010	844462	14453
3	-	4561363	4547121	14243
4	+	4000820	4015058	14239
5	+	4241912	4256178	14267
6	-	483125	468883	14243
7	-	478770	464528	14243
8	-	480961	466718	14244
9	+	4135477	4149715	14239
10	-	402329	388092	14238
11	+	3615911	3630158	14248
12	-	536619	522376	14244
--------------------------------------------------------------------------------
Block #76
Seq_id	Strand	Start	End	Length
1	-	1952346	1922489	29858
2	+	1043110	1073658	30549
3	+	3239408	3269265	29858
4	+	3597580	3627460	29881
5	-	284263	254393	29871
6	+	3806959	3836816	29858
7	+	3797754	3827562	29809
8	+	3783801	3813646	29846
9	-	871597	841653	29945
10	-	800533	770661	29873
11	-	3347975	3318135	29841
12	+	3857567	3887449	29883
--------------------------------------------------------------------------------
Block #77
Seq_id	Strand	Start	End	Length
1	+	2573936	2597633	23698
2	+	447640	470592	22953
3	+	2612567	2635539	22973
4	+	2979490	3003040	23551
5	-	2843865	2820893	22973
6	+	3228980	3252677	23698
7	+	2914207	2937906	23700
8	-	3077200	3053502	23699
9	-	1491065	1468228	22838
10	-	1420969	1398129	22841
11	+	2529315	2551848	22534
12	-	3152225	3128528	23698
--------------------------------------------------------------------------------
Block #78
Seq_id	Strand	Start	End	Length
1	-	1535350	1525060	10291
2	-	1989307	1979306	10002
3	+	3837389	3847679	10291
4	-	452646	442356	10291
5	-	3662754	3652753	10002
6	+	4226502	4236792	10291
7	+	4213297	4223587	10291
8	+	4199383	4209673	10291
9	-	519213	508923	10291
10	-	247195	236905	10291
11	+	3884751	3894752	10002
12	+	4273309	4283599	10291
--------------------------------------------------------------------------------
Block #79
Seq_id	Strand	Start	End	Length
1	-	2212932	2204824	8109
2	+	3597860	3606225	8366
3	+	2981147	2989247	8101
4	+	3340667	3348489	7823
5	-	806490	798648	7843
6	+	3549035	3557143	8109
7	+	3544493	3552316	7824
8	+	3526453	3534255	7803
9	-	1126735	1118913	7823
10	-	1054153	1046053	8101
11	+	3195990	3203792	7803
12	+	3601481	3609589	8109
--------------------------------------------------------------------------------
Block #80
Seq_id	Strand	Start	End	Length
1	+	3893857	3930443	36587
2	+	3354087	3390295	36209
3	-	977139	940518	36622
4	+	2504764	2541378	36615
5	-	1592125	1555539	36587
6	-	1765214	1728628	36587
7	-	1779865	1743252	36614
8	+	2001580	2038192	36613
9	+	2884368	2920980	36613
10	+	2719718	2756331	36614
11	+	1601085	1637671	36587
12	-	1837772	1801159	36614
--------------------------------------------------------------------------------
Block #81
Seq_id	Strand	Start	End	Length
1	-	246396	220775	25622
2	+	3433024	3458649	25626
3	-	561968	536293	25676
4	-	1048539	1022855	25685
5	-	3191873	3166207	25667
6	+	858885	884507	25623
7	-	1137232	1111555	25678
8	-	1139903	1114227	25677
9	+	3488865	3514523	25659
10	+	3356684	3382369	25686
11	+	1910741	1936434	25694
12	-	1195086	1169410	25677
--------------------------------------------------------------------------------
Block #82
Seq_id	Strand	Start	End	Length
1	-	976971	884908	92064
2	-	3986963	3897373	89591
3	-	3698046	3607963	90084
4	+	57774	147895	90122
5	+	128858	218907	90050
6	+	128132	220195	92064
7	+	127111	217196	90086
8	+	127169	219235	92067
9	+	4351212	4441299	90088
10	-	4492157	4400058	92100
11	+	56622	146706	90085
12	+	127100	217204	90105
--------------------------------------------------------------------------------
Block #83
Seq_id	Strand	Start	End	Length
1	-	3086203	3016410	69794
2	+	2686576	2760552	73977
3	+	1937395	2007406	70012
4	+	1978841	2047657	68817
5	+	2412741	2482552	69812
6	+	2676230	2746023	69794
7	-	1892241	1822465	69777
8	+	1888473	1958978	70506
9	-	2158029	2088235	69795
10	+	2074683	2144477	69795
11	-	867311	797550	69762
12	-	1950166	1880373	69794
--------------------------------------------------------------------------------
Block #84
Seq_id	Strand	Start	End	Length
1	+	988261	994547	6287
2	-	118189	111903	6287
3	-	299001	292715	6287
4	-	249976	243690	6287
5	-	117565	111279	6287
6	-	116832	110546	6287
7	-	115818	109532	6287
8	-	115879	109593	6287
9	-	316491	310205	6287
10	+	4297985	4304271	6287
11	+	4368279	4374565	6287
12	-	115818	109532	6287
--------------------------------------------------------------------------------
Block #85
Seq_id	Strand	Start	End	Length
1	-	3957547	3932491	25057
2	+	3177521	3203064	25544
3	+	915388	940517	25130
4	-	2566509	2541379	25131
5	+	1530428	1555538	25111
6	+	1701524	1726580	25057
7	+	1718122	1743251	25130
8	-	2063322	2038193	25130
9	-	2946110	2920981	25130
10	-	2782172	2756332	25841
11	-	1664764	1637672	27093
12	+	1776029	1801158	25130
--------------------------------------------------------------------------------
Block #86
Seq_id	Strand	Start	End	Length
1	-	12292	1	12292
2	+	195993	208249	12257
3	-	325164	312873	12292
4	-	816270	803979	12292
5	-	3926260	3913969	12292
6	+	1092982	1105273	12292
7	-	910001	897709	12293
8	-	912110	899819	12292
9	+	3721084	3733375	12292
10	+	3588956	3601247	12292
11	-	594446	582173	12274
12	-	967849	955558	12292
--------------------------------------------------------------------------------
Block #87
Seq_id	Strand	Start	End	Length
1	-	1857046	1812924	44123
2	-	4250362	4205550	44813
3	+	58184	102305	44122
4	+	546465	590610	44146
5	-	631461	587316	44146
6	+	3902260	3946382	44123
7	-	4123317	4079192	44126
8	+	3879102	3923225	44124
9	-	776506	732360	44147
10	+	3695153	3739299	44147
11	+	4073695	4117817	44123
12	-	4183233	4139086	44148
--------------------------------------------------------------------------------
Block #88
Seq_id	Strand	Start	End	Length
1	+	4167107	4185212	18106
2	+	1429243	1447348	18106
3	+	661827	679932	18106
4	+	1146421	1164526	18106
5	-	1137838	1119733	18106
6	+	1245091	1263196	18106
7	+	1236381	1254486	18106
8	-	1515230	1497124	18107
9	-	3389735	3371630	18106
10	-	3258783	3240678	18106
11	-	2947369	2929264	18106
12	+	1294288	1312393	18106
--------------------------------------------------------------------------------
Block #89
Seq_id	Strand	Start	End	Length
1	-	1591679	1586884	4796
2	-	643984	639189	4796
3	-	24699	19904	4796
4	-	22736	17942	4795
5	+	3430590	3435385	4796
6	+	4169926	4174721	4796
7	+	4156777	4161572	4796
8	+	4142867	4147662	4796
9	-	22487	17693	4795
10	-	22736	17942	4795
11	-	183334	178539	4796
12	+	4216718	4221513	4796
--------------------------------------------------------------------------------
Block #90
Seq_id	Strand	Start	End	Length
1	+	3165403	3193907	28505
2	-	2415299	2385183	30117
3	-	1858905	1830338	28568
4	-	1904298	1875556	28743
5	-	2333525	2304670	28856
6	-	2597023	2568505	28519
7	-	2585193	2556654	28540
8	-	1809253	1780736	28518
9	-	2365455	2336662	28794
10	-	1998804	1970068	28737
11	+	946567	975412	28846
12	+	2027437	2056245	28809
--------------------------------------------------------------------------------
Block #91
Seq_id	Strand	Start	End	Length
1	-	2149783	2138411	11373
2	+	3531093	3542284	11192
3	+	3043861	3055051	11191
4	+	3404555	3415928	11374
5	-	746134	734762	11373
6	+	3612183	3623556	11374
7	+	3604971	3616344	11374
8	+	3588868	3600241	11374
9	-	1066382	1055008	11375
10	-	993390	982015	11376
11	+	3256953	3268348	11396
12	+	3662670	3674043	11374
--------------------------------------------------------------------------------
Block #92
Seq_id	Strand	Start	End	Length
1	-	4189400	4185213	4188
3	-	684120	679933	4188
4	-	1168714	1164527	4188
5	+	1115545	1119732	4188
6	-	1267384	1263197	4188
7	-	1258674	1254487	4188
8	+	1492935	1497123	4189
9	+	3367442	3371629	4188
10	+	3236491	3240677	4187
12	-	1316581	1312394	4188
--------------------------------------------------------------------------------
Block #93
Seq_id	Strand	Start	End	Length
1	-	2328830	2295069	33762
2	-	1333849	1300237	33613
3	+	2864900	2898572	33673
4	+	3226829	3260493	33665
5	-	920362	886700	33663
6	+	3433235	3466899	33665
7	+	3430603	3464311	33709
8	+	3412593	3446311	33719
9	-	1242529	1208872	33658
10	-	1171616	1136722	34895
11	+	3081513	3115045	33533
12	+	3487639	3521304	33666
--------------------------------------------------------------------------------
Block #94
Seq_id	Strand	Start	End	Length
1	+	3095615	3125111	29497
2	-	2676172	2647581	28592
3	-	1927983	1901028	26956
4	-	1971161	1943636	27526
5	-	2403329	2375784	27546
6	-	2666818	2637315	29504
7	+	1901653	1929187	27535
8	-	1879061	1851526	27536
9	+	2162139	2189684	27546
10	-	2067003	2039465	27539
11	+	876723	904304	27582
12	+	1959872	1987115	27244
--------------------------------------------------------------------------------
Block #95
Seq_id	Strand	Start	End	Length
1	+	3151743	3162820	11078
2	+	2318054	2328937	10884
3	-	1872450	1861488	10963
4	-	1916986	1906881	10106
5	-	2349156	2338068	11089
6	-	2610683	2599606	11078
7	-	2598853	2587776	11078
8	-	1822918	1811835	11084
9	+	2216334	2226433	10100
10	-	2012815	2002710	10106
11	+	932895	943984	11090
12	+	2013765	2024854	11090
--------------------------------------------------------------------------------
Block #96
Seq_id	Strand	Start	End	Length
1	-	1564607	1549889	14719
2	-	2946753	2932016	14738
3	+	4054337	4069055	14719
4	-	481903	467185	14719
5	+	3457511	3471935	14425
6	+	4197245	4211963	14719
7	+	4184098	4198818	14721
8	+	4170126	4184844	14719
9	-	548470	533752	14719
10	-	276454	261735	14720
11	+	4301357	4315781	14425
12	+	4244039	4258757	14719
--------------------------------------------------------------------------------
Block #97
Seq_id	Strand	Start	End	Length
1	+	1106031	1139996	33966
2	-	4504254	4470290	33965
3	-	4702289	4668325	33965
4	-	4532063	4498104	33960
5	-	4594816	4560860	33957
6	-	4653728	4619763	33966
7	-	4640720	4606755	33966
8	-	4626944	4592980	33965
9	-	4600506	4566541	33966
10	-	4534590	4500625	33966
11	+	4483380	4517345	33966
12	-	4553586	4519621	33966
--------------------------------------------------------------------------------
Block #98
Seq_id	Strand	Start	End	Length
1	+	4409430	4424807	15378
2	+	1604351	1619430	15080
3	+	699158	714531	15374
4	-	2780709	2765336	15374
5	-	1386736	1371322	15415
6	+	1487362	1502740	15379
7	+	1500855	1516227	15373
8	-	1272955	1257582	15374
9	-	3160358	3144996	15363
10	-	2996385	2981013	15373
11	-	2704704	2689327	15378
12	+	1559043	1574122	15080
--------------------------------------------------------------------------------
Block #99
Seq_id	Strand	Start	End	Length
1	+	1952347	2004022	51676
2	-	1042220	990845	51376
3	-	3239407	3187776	51632
4	-	3597579	3545867	51713
5	+	284264	335915	51652
6	-	3806958	3755283	51676
7	-	3797753	3746103	51651
8	-	3783800	3732140	51661
9	+	871598	923267	51670
10	+	800534	852254	51721
11	+	3348155	3399478	51324
12	-	3857566	3805899	51668
--------------------------------------------------------------------------------
Block #100
Seq_id	Strand	Start	End	Length
1	+	3759588	3813097	53510
2	+	2956806	3010300	53495
3	+	2082905	2138403	55499
4	-	1735934	1682332	53603
5	-	1995780	1942215	53566
6	-	1899498	1845974	53525
7	+	2655798	2709336	53539
8	+	2637644	2691191	53548
9	-	2014814	1961283	53532
10	+	2219271	2272810	53540
11	+	2010441	2064186	53746
12	+	2608655	2662195	53541
--------------------------------------------------------------------------------
Block #101
Seq_id	Strand	Start	End	Length
1	-	2274526	2266608	7919
2	-	3029452	3021535	7918
3	+	2919116	2927033	7918
4	+	3279074	3286991	7918
5	-	868083	860166	7918
6	+	3487441	3495359	7919
7	+	3482895	3490819	7925
8	+	3464861	3472778	7918
9	-	1190288	1182371	7918
10	-	1118138	1110221	7918
11	+	3133627	3141576	7950
12	+	3539888	3547805	7918
--------------------------------------------------------------------------------
Block #102
Seq_id	Strand	Start	End	Length
1	-	738477	707148	31330
2	-	727634	696281	31354
3	-	4424771	4393399	31373
4	-	630199	598944	31256
5	+	547777	578982	31206
6	+	367337	398666	31330
7	+	363138	394319	31182
8	+	365145	396518	31374
9	+	692899	724026	31128
10	-	3778882	3747633	31250
11	-	4157338	4126152	31187
12	+	421136	452166	31031
--------------------------------------------------------------------------------
Block #103
Seq_id	Strand	Start	End	Length
1	-	3439129	3397500	41630
2	-	2550727	2509458	41270
3	+	1607157	1649756	42600
4	-	2218331	2176460	41872
5	+	2105251	2146612	41362
6	+	2322852	2364732	41881
7	+	2319780	2361634	41855
8	-	2218155	2176379	41777
9	-	2496636	2454751	41886
10	+	1731476	1773344	41869
11	-	1211205	1169483	41723
12	-	2290656	2248772	41885
--------------------------------------------------------------------------------
Block #104
Seq_id	Strand	Start	End	Length
1	+	448930	475295	26366
2	+	1111381	1137748	26368
3	+	3538520	3564885	26366
4	+	3830981	3857346	26366
5	-	3247752	3221371	26382
6	-	654920	628555	26366
7	-	650579	624213	26367
8	-	652767	626403	26365
9	+	3965619	3991984	26366
10	-	572299	546147	26153
11	-	436876	410487	26390
12	-	708439	682074	26366
--------------------------------------------------------------------------------
Block #105
Seq_id	Strand	Start	End	Length
1	-	1548429	1543736	4694
2	+	3611361	3616054	4694
3	+	3824301	3828994	4694
4	-	465725	461032	4694
5	-	3675412	3670719	4694
6	+	4213423	4218116	4694
7	+	4200278	4204971	4694
8	+	4186304	4190997	4694
9	-	532292	527599	4694
10	-	260275	255582	4694
11	+	3872093	3876786	4694
12	+	4260217	4264910	4694
--------------------------------------------------------------------------------
Block #106
Seq_id	Strand	Start	End	Length
1	+	3525060	3590101	65042
2	-	2162664	2096096	66569
3	-	1419032	1352031	67002
4	+	2301009	2366097	65089
5	+	1653284	1718409	65126
6	-	2135953	2070944	65010
7	-	2135521	2070454	65068
8	+	2402380	2468147	65768
9	+	2680845	2745915	65071
10	+	2515990	2581042	65053
11	+	1400246	1465243	64998
12	+	2374075	2439152	65078
--------------------------------------------------------------------------------
Block #107
Seq_id	Strand	Start	End	Length
1	-	4496145	4486328	9818
2	-	3418012	3408195	9818
3	+	576980	586797	9818
4	+	1063551	1073368	9818
5	-	3140184	3130367	9818
6	+	1162899	1172716	9818
7	+	1154204	1164021	9818
8	+	1543056	1552870	9815
9	-	3473853	3464036	9818
10	-	3341672	3331855	9818
11	-	1893856	1883839	10018
12	+	1212058	1221875	9818
--------------------------------------------------------------------------------
Block #108
Seq_id	Strand	Start	End	Length
1	+	2515647	2543207	27561
2	-	3292747	3265175	27573
3	+	2554709	2582289	27581
4	-	1268046	1240466	27581
5	+	3001827	3029407	27581
6	+	3171161	3198721	27561
7	+	2856383	2883965	27583
8	-	3134993	3107433	27561
9	-	1548885	1521306	27580
10	-	1478806	1451226	27581
11	+	2471358	2498940	27583
12	-	3210046	3182466	27581
--------------------------------------------------------------------------------
Block #109
Seq_id	Strand	Start	End	Length
1	-	4436167	4426762	9406
2	-	2814496	2805090	9407
3	+	639612	649017	9406
4	+	1124206	1133611	9406
5	-	3080221	3070812	9410
6	+	1222877	1232282	9406
7	+	1214166	1223571	9406
8	+	1603018	1612424	9407
9	-	3411931	3402544	9388
10	-	3280998	3271593	9406
11	-	1833684	1824259	9426
12	+	1272036	1281478	9443
--------------------------------------------------------------------------------
Block #110
Seq_id	Strand	Start	End	Length
1	+	3881292	3893856	12565
2	-	3264355	3251972	12384
3	-	989709	977140	12570
4	+	2492199	2504763	12565
5	-	1604562	1592126	12437
6	-	1777779	1765215	12565
7	-	1792429	1779866	12564
8	+	1989015	2001579	12565
9	+	2871804	2884367	12564
10	+	2707153	2719717	12565
11	+	1588367	1601084	12718
12	-	1850337	1837773	12565
--------------------------------------------------------------------------------
Block #111
Seq_id	Strand	Start	End	Length
1	-	1105781	1093741	12041
2	+	250	12275	12026
3	+	250	14252	14003
4	+	250	12290	12041
5	+	1	12056	12056
6	+	251	12291	12041
7	+	250	12290	12041
8	+	250	12291	12042
9	+	1	12041	12041
10	+	250	12290	12041
11	-	4483130	4471105	12026
12	+	250	12290	12041
--------------------------------------------------------------------------------
Block #112
Seq_id	Strand	Start	End	Length
1	-	2107818	2100559	7260
2	+	3689552	3696812	7261
3	+	3085603	3092862	7260
4	+	3444546	3451805	7260
5	-	704160	696900	7261
6	+	3654149	3661408	7260
7	+	3646880	3654139	7260
8	+	3630834	3638093	7260
9	-	1024414	1017155	7260
10	-	953391	946132	7260
11	+	3305890	3313150	7261
12	+	3704576	3711835	7260
--------------------------------------------------------------------------------
Block #113
Seq_id	Strand	Start	End	Length
1	+	3825434	3846346	20913
2	+	3704661	3724833	20173
3	+	2151020	2171631	20612
4	-	1671955	1651768	20188
5	+	2492158	2512360	20203
6	-	1833637	1812725	20913
7	+	2719713	2740627	20915
8	+	2701568	2722481	20914
9	-	1950906	1930718	20189
10	+	2283187	2303374	20188
11	+	2074563	2094730	20168
12	+	2672572	2693484	20913
--------------------------------------------------------------------------------
Block #114
Seq_id	Strand	Start	End	Length
1	+	3965172	3987652	22481
2	-	3169896	3147600	22297
3	-	907763	885283	22481
4	+	2574134	2596614	22481
5	-	1522803	1500324	22480
6	-	1693899	1671419	22481
7	-	1710497	1688017	22481
8	-	1691111	1668631	22481
9	+	2953735	2976216	22482
10	+	2789797	2812277	22481
11	+	1671066	1693546	22481
12	-	1768404	1745924	22481
--------------------------------------------------------------------------------
Block #115
Seq_id	Strand	Start	End	Length
1	-	1337073	1243234	93840
2	-	4410488	4315276	95213
3	+	4221194	4315096	93903
4	+	4296527	4394224	97698
5	+	3679215	3773408	94194
6	+	4420783	4514622	93840
7	+	4407612	4501523	93912
8	+	4393745	4487675	93931
9	-	4348361	4254503	93859
10	+	4092414	4190112	97699
11	+	3763175	3862022	98848
12	-	2879794	2785877	93918
--------------------------------------------------------------------------------
Block #116
Seq_id	Strand	Start	End	Length
1	+	3957548	3963825	6278
2	-	3176197	3169920	6278
3	-	915387	909110	6278
4	+	2566510	2572787	6278
5	-	1530427	1524150	6278
6	-	1701523	1695246	6278
7	-	1718121	1711844	6278
8	+	2063323	2069600	6278
9	+	2946111	2952388	6278
10	+	2782173	2788450	6278
11	+	1664765	1671042	6278
12	-	1776028	1769751	6278
--------------------------------------------------------------------------------
Block #117
Seq_id	Strand	Start	End	Length
1	-	102135	97525	4611
2	-	4058496	4053886	4611
3	-	415713	411098	4616
4	-	904199	899589	4611
5	+	4108096	4112707	4612
6	+	1003138	1007749	4612
7	-	992903	988293	4611
8	-	994879	990269	4611
9	+	3633146	3637757	4612
10	+	3500993	3505604	4612
11	-	677604	672772	4833
12	-	1050760	1046149	4612
--------------------------------------------------------------------------------
Block #118
Seq_id	Strand	Start	End	Length
1	+	172464	197132	24669
2	+	3573442	3597859	24418
3	+	488006	512658	24653
4	+	974536	999220	24685
5	-	4037776	4012928	24849
6	-	932809	908143	24667
7	+	1063234	1087919	24686
8	+	1065210	1089879	24670
9	-	3562832	3538167	24666
10	-	3430664	3406005	24660
11	+	748454	773108	24655
12	+	1121387	1145775	24389
--------------------------------------------------------------------------------
Block #119
Seq_id	Strand	Start	End	Length
1	+	3321810	3357668	35859
2	+	2451879	2487752	35874
3	-	1712404	1676525	35880
4	+	2101462	2137340	35879
5	-	2189583	2153690	35894
6	-	2440442	2404564	35879
7	-	2437345	2401465	35881
8	+	2100654	2136548	35895
9	+	2379765	2415629	35865
10	-	1849056	1813177	35880
11	+	1095800	1131563	35764
12	+	2172755	2208940	36186
--------------------------------------------------------------------------------
Block #120
Seq_id	Strand	Start	End	Length
1	+	73159	89516	16358
2	+	3552470	3568910	16441
3	+	386027	403176	17150
4	+	877173	893622	16450
5	+	3988472	4004913	16442
6	-	1032115	1015955	16161
7	+	965887	982327	16441
8	+	967862	984302	16441
9	-	3660193	3643724	16470
10	-	3528020	3511571	16450
11	+	650365	666805	16441
12	+	1023742	1040182	16441
--------------------------------------------------------------------------------
Block #121
Seq_id	Strand	Start	End	Length
1	-	4407029	4342596	64434
2	-	1600944	1537559	63386
3	-	1191057	1125213	65845
4	+	2783110	2847524	64415
5	+	1389121	1453538	64418
6	-	1484961	1420535	64427
7	-	1498454	1434028	64427
8	+	1275356	1339785	64430
9	+	3162770	3227172	64403
10	+	2998786	3063181	64396
11	+	2707106	2772218	65113
12	-	1556347	1491929	64419
--------------------------------------------------------------------------------
Block #122
Seq_id	Strand	Start	End	Length
1	-	3825433	3816148	9286
2	+	2947309	2955988	8680
3	-	2148784	2139494	9291
4	+	1671956	1681241	9286
5	-	2492157	2482872	9286
6	+	1833638	1842923	9286
7	-	2719712	2710427	9286
8	-	2701567	2692282	9286
9	+	1950907	1960192	9286
10	-	2283186	2273901	9286
11	-	2074562	2065277	9286
12	-	2672571	2663286	9286
--------------------------------------------------------------------------------
Block #123
Seq_id	Strand	Start	End	Length
1	+	3285640	3291402	5763
2	+	2436883	2442591	5709
3	-	1748723	1742961	5763
4	-	1791897	1786135	5763
5	-	2222629	2216867	5763
6	-	2476754	2470992	5763
7	-	2473662	2467899	5764
8	-	1697724	1691961	5764
9	-	2252996	2247234	5763
10	-	1885384	1879622	5763
11	+	1060115	1065871	5757
12	+	2136743	2142505	5763
--------------------------------------------------------------------------------
Block #124
Seq_id	Strand	Start	End	Length
1	+	1487723	1523108	35386
2	-	3892805	3857502	35304
3	+	255270	290760	35491
4	+	405084	440404	35321
5	+	3615499	3650801	35303
6	-	4274115	4238744	35372
7	-	4260904	4225539	35366
8	-	4247002	4211625	35378
9	+	471634	506971	35338
10	+	199602	234953	35352
11	-	3930068	3894753	35316
12	-	4320985	4285551	35435
--------------------------------------------------------------------------------
Block #125
Seq_id	Strand	Start	End	Length
1	-	4486135	4481196	4940
2	+	3342109	3346772	4664
3	+	588950	593889	4940
4	+	1073561	1078500	4940
5	-	3130174	3125235	4940
6	+	1172909	1177848	4940
7	+	1164214	1169153	4940
8	+	1553063	1558002	4940
9	-	3461140	3456945	4196
10	-	3331662	3326723	4940
11	-	1883646	1878707	4940
12	+	1222068	1227007	4940
--------------------------------------------------------------------------------
Block #126
Seq_id	Strand	Start	End	Length
1	+	4202032	4232561	30530
2	+	1462984	1493371	30388
3	+	1193011	1223502	30492
4	+	1179387	1209911	30525
5	-	1104848	1074218	30631
6	+	1280016	1310545	30530
7	+	1271308	1301832	30525
8	-	1480418	1449875	30544
9	-	3356769	3326262	30508
10	-	3225818	3195360	30459
11	-	2913551	2883065	30487
12	+	1329213	1359755	30543
--------------------------------------------------------------------------------
Block #127
Seq_id	Strand	Start	End	Length
1	-	4299842	4243386	56457
2	+	1362119	1418380	56262
3	-	1080523	1022091	58433
4	+	2890294	2946868	56575
5	+	984875	1041314	56440
6	-	1377799	1321343	56457
7	-	1391257	1334730	56528
8	+	1382554	1439051	56498
9	+	3269943	3326261	56319
10	+	3105931	3162431	56501
11	+	2814327	2872240	57914
12	-	1449158	1392660	56499
--------------------------------------------------------------------------------
Block #128
Seq_id	Strand	Start	End	Length
1	+	4003041	4016643	13603
2	-	3138204	3124514	13691
3	-	867935	854245	13691
4	+	2611997	2625687	13691
5	-	1484941	1471251	13691
6	-	1656030	1642340	13691
7	-	1667613	1653923	13691
8	-	1648108	1634418	13691
9	+	2991596	3005286	13691
10	+	2827660	2841350	13691
11	+	1708935	1722625	13691
12	-	1725546	1711856	13691
--------------------------------------------------------------------------------
Block #129
Seq_id	Strand	Start	End	Length
1	+	4441540	4478591	37052
2	+	3621175	3658130	36956
3	-	634240	596493	37748
4	-	1118833	1081232	37602
5	+	3085594	3122630	37037
6	-	1217504	1180452	37053
7	-	1208793	1171757	37037
8	-	1597645	1560607	37039
9	+	3417304	3454340	37037
10	+	3286371	3323991	37621
11	+	1839066	1876103	37038
12	-	1266663	1229611	37053
--------------------------------------------------------------------------------
Block #130
Seq_id	Strand	Start	End	Length
1	-	2515646	2498228	17419
2	+	3292748	3310138	17391
3	-	2552749	2535345	17405
4	+	1268047	1285452	17406
5	-	3001826	2984409	17418
6	-	3171160	3153756	17405
7	-	2856382	2838978	17405
8	+	3134994	3152412	17419
9	+	1548886	1566290	17405
10	+	1478807	1496212	17406
11	-	2471357	2453982	17376
12	+	3210047	3227450	17404
--------------------------------------------------------------------------------
Block #131
Seq_id	Strand	Start	End	Length
1	-	4200078	4189401	10678
2	-	1462983	1452043	10941
3	-	694798	684121	10678
4	-	1179386	1168715	10672
5	+	1104849	1115544	10696
6	-	1278062	1267385	10678
7	-	1269355	1258675	10681
8	+	1482372	1492934	10563
9	+	3356770	3367441	10672
10	+	3225819	3236490	10672
11	+	2913552	2924364	10813
12	-	1327259	1316582	10678
--------------------------------------------------------------------------------
Block #132
Seq_id	Strand	Start	End	Length
1	-	2699341	2645167	54175
2	-	412489	358478	54012
3	-	2368255	2312804	55452
4	+	1452675	1506137	53463
5	-	2703409	2649859	53551
6	+	3063049	3117257	54209
7	-	3260479	3206966	53514
8	-	3242492	3188911	53582
9	+	1731653	1785070	53418
10	-	2502482	2448907	53576
11	-	2289321	2235927	53395
12	-	3317403	3263950	53454
--------------------------------------------------------------------------------
Block #133
Seq_id	Strand	Start	End	Length
1	+	647238	694932	47695
2	+	854754	902701	47948
3	+	4333491	4381183	47693
4	+	4025365	4073086	47722
5	+	4266489	4314000	47512
6	-	458576	410882	47695
7	-	454221	406534	47688
8	-	456411	408734	47678
9	+	4161982	4209708	47727
10	-	377785	330090	47696
11	+	3640378	3688121	47744
12	-	512069	464382	47688
--------------------------------------------------------------------------------
Block #134
Seq_id	Strand	Start	End	Length
1	+	2707297	2712017	4721
2	+	2007942	2012662	4721
3	+	2376284	2381004	4721
4	-	1444851	1440132	4720
5	+	2712271	2716991	4721
6	-	3055111	3050391	4721
7	+	3268269	3272989	4721
8	+	3250194	3254914	4721
9	-	1723845	1719125	4721
10	+	2510308	2515028	4721
11	+	2296775	2301494	4720
12	+	3325233	3329953	4721
--------------------------------------------------------------------------------
Block #135
Seq_id	Strand	Start	End	Length
1	+	2793075	2806391	13317
2	+	331437	344753	13317
3	+	2739436	2752752	13317
4	+	3103660	3116976	13317
5	+	1150151	1163159	13009
6	-	2969361	2956045	13317
7	+	3040506	3053805	13300
8	-	2950923	2937606	13318
9	-	1365650	1352334	13317
10	-	1295575	1282258	13318
11	+	2959681	2972688	13008
12	-	3025944	3012628	13317
--------------------------------------------------------------------------------
Block #136
Seq_id	Strand	Start	End	Length
1	-	4511161	4497234	13928
2	-	3433023	3419101	13923
3	+	561969	575891	13923
4	+	1048540	1062462	13923
5	+	3191874	3205783	13910
6	+	1147883	1161810	13928
7	+	1139187	1153115	13929
8	+	1528040	1541967	13928
9	-	3488864	3474942	13923
10	-	3356683	3342761	13923
11	-	1910740	1896818	13923
12	+	1197042	1210969	13928
--------------------------------------------------------------------------------
Block #137
Seq_id	Strand	Start	End	Length
1	+	4091868	4153254	61387
2	+	2018569	2080962	62394
3	+	767790	831208	63419
4	-	2710100	2648724	61377
5	-	1318051	1256661	61391
6	+	1557995	1619372	61378
7	+	1569492	1630885	61394
8	-	1204304	1142900	61405
9	-	3089744	3028321	61424
10	-	2925746	2864386	61361
11	-	2636075	2574867	61209
12	+	1627415	1688819	61405
--------------------------------------------------------------------------------
Block #138
Seq_id	Strand	Start	End	Length
1	+	3295801	3310241	14441
2	+	2253494	2267917	14424
3	-	1738555	1724114	14442
4	-	1781729	1767287	14443
5	-	2212461	2198020	14442
6	-	2466593	2452152	14442
7	-	2463494	2449054	14441
8	+	2074503	2088944	14442
9	-	2242828	2228387	14442
10	-	1875216	1860775	14442
11	+	1070277	1084717	14441
12	+	2146911	2161352	14442
--------------------------------------------------------------------------------
Block #139
Seq_id	Strand	Start	End	Length
1	+	1916073	1920937	4865
2	+	4309372	4314145	4774
3	-	3275682	3270818	4865
4	-	3633876	3629012	4865
5	+	690485	695349	4865
6	-	3843232	3838368	4865
7	-	3833978	3829114	4865
8	-	3820075	3815211	4865
9	+	835237	840101	4865
10	+	764041	769109	5069
11	-	3702322	3697458	4865
12	-	3893865	3889001	4865
--------------------------------------------------------------------------------
Block #140
Seq_id	Strand	Start	End	Length
1	+	2597953	2617135	19183
2	-	3855554	3836595	18960
3	+	2635859	2655043	19185
4	+	3003360	3022543	19184
5	-	2820573	2801389	19185
6	+	3252997	3272181	19185
7	+	2938226	2957410	19185
8	-	3053182	3033997	19186
9	-	1465949	1446765	19185
10	-	1395850	1376666	19185
11	+	2554549	2573747	19199
12	-	3128208	3109023	19186
--------------------------------------------------------------------------------
Block #141
Seq_id	Strand	Start	End	Length
1	+	2713474	2791617	78144
2	-	3833694	3757144	76551
3	-	2737978	2659903	78076
4	+	3025444	3102202	76759
5	-	2796529	2718448	78082
6	-	3048934	2970819	78116
7	+	2962271	3039048	76778
8	-	3029137	2952381	76757
9	-	1443864	1367108	76757
10	-	1373765	1297033	76733
11	+	1747605	1824258	76654
12	-	3104163	3027402	76762
--------------------------------------------------------------------------------
Block #142
Seq_id	Strand	Start	End	Length
1	+	977497	984754	7258
2	+	4035960	4043212	7253
3	-	309739	302490	7250
4	-	260732	253465	7268
5	-	128332	121064	7269
6	-	127606	120321	7286
7	-	126567	119307	7261
8	-	126643	119368	7276
9	-	327229	319980	7250
10	+	4287239	4294489	7251
11	+	4357537	4364797	7261
12	-	126574	119307	7268
--------------------------------------------------------------------------------
Block #143
Seq_id	Strand	Start	End	Length
1	-	1806971	1760881	46091
2	+	1151384	1197779	46396
3	-	4216229	4169802	46428
4	+	4113167	4159475	46309
5	+	4323841	4370262	46422
6	+	3952335	3998764	46430
7	-	4073238	4026818	46421
8	+	3929178	3975598	46421
9	+	122107	168528	46422
10	+	3909023	3955331	46309
11	-	396850	350578	46273
12	-	4133133	4086704	46430
--------------------------------------------------------------------------------
Block #144
Seq_id	Strand	Start	End	Length
1	-	4167106	4156456	10651
2	-	1429242	1418592	10651
3	-	661826	651176	10651
4	-	1146420	1135770	10651
5	+	1137839	1148489	10651
6	-	1245090	1234441	10650
7	-	1236380	1225730	10651
8	+	1515231	1525881	10651
9	+	3389736	3400385	10650
10	+	3258784	3269434	10651
11	+	2947370	2958019	10650
12	-	1294287	1283637	10651
--------------------------------------------------------------------------------
Block #145
Seq_id	Strand	Start	End	Length
1	+	2945131	2949795	4665
2	-	1831343	1826679	4665
4	+	1575946	1580610	4665
5	-	2583359	2578695	4665
6	-	2817305	2812641	4665
7	-	2816778	2812114	4665
8	+	2792277	2796941	4665
9	+	1854865	1859529	4665
10	-	2379089	2374425	4665
11	-	2169513	2164849	4665
12	-	2769628	2764964	4665
--------------------------------------------------------------------------------
Block #146
Seq_id	Strand	Start	End	Length
1	-	1230914	1195287	35628
2	+	4426130	4461669	35540
3	+	4622022	4659704	37683
4	+	4407255	4442815	35561
5	+	3787687	3823282	35596
6	+	4528901	4564472	35572
7	+	4515812	4551463	35652
8	+	4501952	4537698	35747
9	+	4475688	4511259	35572
10	+	4204391	4240051	35661
11	+	4321452	4357018	35567
--------------------------------------------------------------------------------
Block #147
Seq_id	Strand	Start	End	Length
1	+	3358983	3371735	12753
2	+	2489067	2501804	12738
3	-	1675210	1662458	12753
4	+	2138655	2150823	12169
6	-	2403249	2390497	12753
7	-	2400150	2387398	12753
8	+	2137863	2150615	12753
9	+	2416944	2429112	12169
10	-	1811862	1799110	12753
11	+	1131564	1144317	12754
12	+	2210255	2223007	12753
--------------------------------------------------------------------------------
Block #148
Seq_id	Strand	Start	End	Length
1	+	3086204	3090272	4069
2	-	2686575	2682519	4057
3	-	1937394	1933326	4069
4	-	1978840	1974772	4069
5	-	2412740	2408672	4069
6	-	2676229	2672161	4069
7	+	1892242	1896310	4069
8	-	1888472	1884404	4069
10	-	2074682	2070614	4069
11	+	867323	871380	4058
12	+	1950167	1954235	4069
--------------------------------------------------------------------------------
Block #149
Seq_id	Strand	Start	End	Length
1	+	3621244	3628204	6961
3	-	1320909	1313948	6962
4	+	2397239	2404199	6961
5	+	1749245	1756205	6961
6	-	2039801	2032841	6961
7	-	2039168	2032209	6960
8	+	2499304	2506264	6961
9	+	2776915	2783875	6961
10	+	2612185	2619145	6961
11	+	1495814	1502774	6961
12	+	2470296	2477256	6961
--------------------------------------------------------------------------------
Block #150
Seq_id	Strand	Start	End	Length
1	+	443085	448929	5845
2	+	1105541	1111380	5840
3	+	3532675	3538519	5845
4	+	3825135	3830980	5846
5	-	3253597	3247753	5845
6	-	660765	654921	5845
7	-	656425	650580	5846
8	-	658612	652768	5845
9	+	3959774	3965618	5845
11	-	442721	436877	5845
12	-	714284	708440	5845
--------------------------------------------------------------------------------
Block #151
Seq_id	Strand	Start	End	Length
1	-	3382976	3371736	11241
2	+	2286798	2297442	10645
3	+	1651216	1662457	11242
4	-	2161938	2150824	11115
6	+	2379256	2390496	11241
7	+	2376157	2387397	11241
8	-	2161856	2150616	11241
9	-	2440227	2429113	11115
10	+	1787868	1799109	11242
11	-	1156282	1144754	11529
12	-	2234248	2223008	11241
--------------------------------------------------------------------------------
Block #152
Seq_id	Strand	Start	End	Length
1	+	1624652	1658582	33931
3	+	3787349	3821279	33931
4	-	4293755	4259824	33932
5	-	4505628	4471701	33928
6	+	4000717	4034414	33698
7	+	3892525	3926455	33931
8	-	4109889	4075960	33930
9	-	302820	268892	33929
10	-	4089642	4055712	33931
11	+	216335	250244	33910
12	+	3952411	3986341	33931
--------------------------------------------------------------------------------
Block #153
Seq_id	Strand	Start	End	Length
1	-	1668609	1660140	8470
3	-	4079494	4071010	8485
4	+	4249797	4258266	8470
5	+	4460350	4468820	8471
6	-	4044441	4035972	8470
7	-	3936497	3928013	8485
8	+	4065918	4074402	8485
9	+	258850	267334	8485
10	+	4045670	4054154	8485
11	-	260286	251802	8485
12	-	3996383	3987899	8485
--------------------------------------------------------------------------------
Block #154
Seq_id	Strand	Start	End	Length
1	-	3606503	3590102	16402
3	+	1335650	1352030	16381
4	-	2382498	2366098	16401
5	-	1734790	1718410	16381
6	+	2054542	2070943	16402
7	+	2054052	2070453	16402
8	-	2484562	2468161	16402
9	-	2762317	2745916	16402
10	-	2597444	2581043	16402
11	-	1481645	1465244	16402
12	-	2455555	2439153	16403
--------------------------------------------------------------------------------
Block #155
Seq_id	Strand	Start	End	Length
1	+	3391739	3396535	4797
2	-	2278376	2273580	4797
4	+	2170699	2175495	4797
5	-	2152375	2147577	4799
6	-	2370493	2365697	4797
7	-	2367394	2362599	4796
8	+	2170618	2175414	4797
9	+	2448990	2453786	4797
10	-	1779105	1774309	4797
11	+	1163722	1168518	4797
12	+	2243011	2247807	4797
--------------------------------------------------------------------------------
Block #156
Seq_id	Strand	Start	End	Length
1	-	3318335	3314310	4026
3	+	1716031	1720057	4027
4	-	2097834	2093808	4027
5	+	2191887	2195913	4027
6	+	2444069	2448095	4027
7	+	2440972	2444998	4027
8	-	2097026	2093001	4026
9	-	2376135	2372110	4026
11	-	1092172	1088147	4026
12	-	2169434	2165409	4026
--------------------------------------------------------------------------------
Block #157
Seq_id	Strand	Start	End	Length
1	-	3391738	3386576	5163
2	+	2278377	2283198	4822
4	-	2170698	2165538	5161
6	+	2370494	2375656	5163
7	+	2367395	2372557	5163
8	-	2170617	2165455	5163
9	-	2448989	2443827	5163
10	+	1779106	1784268	5163
11	-	1163721	1158559	5163
12	-	2243010	2237848	5163
--------------------------------------------------------------------------------
Block #158
Seq_id	Strand	Start	End	Length
1	+	4513116	4550626	37511
3	-	3738764	3700542	38223
4	+	508013	545525	37513
5	-	3861636	3823812	37825
6	-	1145928	1108418	37511
7	+	857054	894564	37511
8	+	859162	896674	37513
9	-	3774003	3736520	37484
10	+	3656693	3694213	37521
12	-	899842	862333	37510
--------------------------------------------------------------------------------
Block #159
Seq_id	Strand	Start	End	Length
1	+	4232562	4243385	10824
3	+	1223503	1234604	11102
4	+	1209912	1221012	11101
5	-	1074217	1063116	11102
6	+	1310546	1321342	10797
7	+	1301833	1312934	11102
8	-	1449874	1439052	10823
10	-	3195329	3184228	11102
11	-	2883064	2872241	10824
12	+	1359756	1370857	11102
--------------------------------------------------------------------------------
Block #160
Seq_id	Strand	Start	End	Length
1	-	294054	248349	45706
3	-	3786405	3740717	45689
4	-	800348	750513	49836
5	-	3911782	3861637	50146
6	+	811226	856932	45707
7	+	804995	855101	50107
8	+	807121	857209	50089
9	-	3825817	3775956	49862
10	+	3604878	3654740	49863
12	-	951927	901795	50133
--------------------------------------------------------------------------------
Block #161
Seq_id	Strand	Start	End	Length
1	+	2076846	2081152	4307
3	+	3167839	3172145	4307
4	-	3473017	3468540	4478
6	-	3682622	3678144	4479
7	-	3673224	3668918	4307
8	-	3659308	3654829	4480
9	+	996113	1000419	4307
10	+	925090	929118	4029
12	-	3733049	3728571	4479
--------------------------------------------------------------------------------
Block #162
Seq_id	Strand	Start	End	Length
1	-	305587	294994	10594
2	-	221849	211382	10468
3	-	3393135	3382653	10483
5	+	3387168	3397589	10422
6	+	799705	810286	10582
7	+	793485	804054	10570
8	+	795643	806181	10539
12	+	851305	861879	10575
--------------------------------------------------------------------------------
Block #163
Seq_id	Strand	Start	End	Length
2	+	2631769	2641561	9793
3	-	1521294	1511482	9813
5	-	1894344	1884533	9812
6	-	2236266	2226447	9820
7	-	2235840	2226015	9826
8	+	2302047	2311888	9842
9	+	2580540	2590351	9812
11	+	1298640	1308459	9820
--------------------------------------------------------------------------------
Block #164
Seq_id	Strand	Start	End	Length
2	-	2246627	2163628	83000
3	-	1506434	1419996	86439
5	-	1878162	1793661	84502
6	-	2221399	2136917	84483
7	-	2220967	2136485	84483
8	+	2316933	2401417	84485
9	+	2595399	2679881	84483
11	+	1313484	1399282	85799
--------------------------------------------------------------------------------
Block #165
Seq_id	Strand	Start	End	Length
3	-	1250098	1234605	15494
4	-	1236506	1221013	15494
5	+	1047622	1063115	15494
7	-	1328428	1312935	15494
10	+	3168734	3184227	15494
12	-	1386351	1370858	15494
--------------------------------------------------------------------------------
Block #166
Seq_id	Strand	Start	End	Length
1	-	2204823	2200823	4001
2	+	3606226	3610227	4002
6	+	3557144	3561144	4001
--------------------------------------------------------------------------------
Block #167
Seq_id	Strand	Start	End	Length
1	-	3208733	3199001	9733
6	+	2553679	2563411	9733
--------------------------------------------------------------------------------
Block #168
Seq_id	Strand	Start	End	Length
2	+	3542285	3549538	7254
11	+	3268349	3275726	7378
--------------------------------------------------------------------------------
