>gi|384137007|ref|NC_017168.1|
-86 +48 +2 -63 +120 -10 -117 +20 +118 +40 -81 -160 -162 +49 -9 +150 +104 +61 +26 -71 +59 -42 +35 -57 +75 -12 +133 -52 -102 +31 +28 -53 +6 -50 -32 -82 +142 +84 +19 -17 +74 -1 -111 +97 -11 -14 -146 -115 +54 -65 +1 +55 +124 -78 +1 -105 -96 +8 +1 -89 +67 +152 -153 +5 -143 -87 -73 +139 -76 +99 +13 +161 -3 -112 +1 +22 -91 +18 -166 -79 +58 -72 +60 -101 +46 -93 +62 -25 -43 -39 +64 -130 +108 -68 +77 +140 -56 -132 +134 +141 +135 -30 -21 -29 +4 +66 +145 -36 +16 -83 +148 +94 -33 -34 +95 +90 -167 +41 -51 +123 -45 +138 -156 +119 +147 -151 -157 +155 -103 +44 +106 -154 +23 +149 -47 +24 -37 -7 +100 -122 +113 +15 +110 +80 -85 +116 +114 -2 +128 -70 -38 +27 +137 -144 +88 -92 -131 +126 +159 -127 +69 -121 +98 -109 -1 +129 -125 -107 -136 +158 $
>gi|162418099|ref|NC_010159.1|
+111 +1 -74 +17 -19 -84 -65 +1 +63 -2 -48 +86 -162 +49 +135 +30 -132 -68 +77 +8 +1 +55 +32 +1 -89 -6 +53 -102 +31 -42 +35 -57 +75 -12 +133 +3 -13 -99 +76 -9 +150 +104 +61 +143 -5 +52 -93 +62 -64 -28 +127 -144 +88 -131 +126 +69 -121 +98 +27 -47 +24 +15 -16 +36 -145 -66 -4 +29 -21 +56 -78 +1 +134 +38 +137 -23 -106 -164 -45 +138 -155 +157 +151 -34 +95 -41 -90 -51 +123 +119 +147 -33 -103 +44 +163 -94 -148 +83 -37 -109 +43 -96 +122 +100 -39 -101 +46 +26 -71 +59 -128 +2 -114 -116 +85 -60 +72 -110 -108 +130 -25 +125 +58 +80 +70 -107 -136 +81 -40 -18 +91 +168 +120 +118 +79 +166 +105 -1 +129 -22 -1 +112 +113 +7 -141 -140 -124 -82 +14 +142 -10 -117 +20 -54 -67 -50 -87 -73 +139 -115 +146 +11 -97 $
>gi|108777911|gb|CP000308.1|
+111 +1 -89 +67 +87 +54 -65 +1 +55 +124 -84 -142 -86 +48 +2 -63 +120 -10 -117 +20 +118 +40 -81 +136 +107 +125 -129 +1 +109 -144 +88 -92 -131 +98 +27 +137 +38 +70 -128 +2 -114 -116 +85 -80 -110 -15 -127 +69 -121 +126 +159 -165 -24 +47 -149 -23 +154 -106 -164 -163 -44 +103 +151 -147 -119 +156 -138 +45 -123 +51 -41 -90 -95 +34 +33 -94 -148 +83 -37 -7 +100 -122 +113 -16 +36 -66 -4 +29 -132 +134 +39 +43 +25 -130 +108 -68 +77 +140 -141 +135 -30 -21 +56 +64 -62 +93 -46 +101 -60 +72 -58 +79 -18 +91 -22 -1 +112 +13 +161 -3 -99 +76 -139 +73 -14 -162 +49 -9 +150 +104 +61 -32 -82 -158 -160 +152 +105 -1 +78 +19 -17 +74 -1 +26 -71 +59 -42 -1 -8 +96 -153 +5 -143 +115 -12 +133 -52 -102 +31 +28 -53 +6 -50 -75 +57 -35 +146 +11 -97 $
>gi|384412706|ref|NC_017265.1|
+111 +1 -89 +67 +82 +32 -19 -84 -142 +54 -65 +1 +55 +124 -78 +1 -105 -96 +8 +1 +158 +87 -102 +31 +28 -53 +6 -50 -160 -86 +48 +2 -63 +120 -10 -117 +20 +118 +40 -81 +136 +107 +125 -129 +1 +109 -144 +88 -92 -131 +126 +159 -165 -108 +130 -25 -43 -39 -134 +132 -29 +4 +66 +145 -36 +16 -113 +122 -100 +7 -138 +45 -123 +51 -41 -90 -95 +34 +33 -94 -148 +83 -37 -156 +119 +147 -151 -157 +155 -103 +44 +106 -154 +23 +149 -47 +24 +15 +110 +80 -85 +116 +114 -2 +128 -70 -38 -137 -27 -98 +121 -69 +127 -68 +77 +140 +141 +135 -30 -21 +56 +64 -62 +93 -46 +101 -60 +72 -58 +79 -18 +91 -22 -1 +112 +3 -161 -13 -99 +76 -139 +73 +49 -9 +150 +104 -35 +42 -59 +71 -26 -61 -57 +75 -12 +133 -52 -17 +74 -1 +143 -5 +153 -152 +115 +146 +14 +11 -97 $
>gi|45439865|ref|NC_005810.1|
+111 +1 -74 +17 -19 -84 -142 +82 +32 +1 -76 +99 +13 -3 +50 -6 +53 -28 -31 +102 -87 -73 +139 -112 +1 +22 -91 +18 -79 +58 -72 +60 -101 +46 -93 +62 -64 +38 -69 +127 +165 -159 -126 +131 +92 -88 +144 +135 -30 -21 +56 -137 -27 -98 +121 +70 -128 +2 -114 -116 +85 -80 -110 -15 -24 +106 -154 +23 +149 -47 -164 -163 +37 -100 +7 -44 +103 -155 -119 +156 -138 +45 -123 +51 -41 -90 -95 +34 +33 -94 -148 +83 -122 +113 -16 +36 -145 -66 -4 +29 -132 +134 -141 -140 -77 +43 +25 -130 +108 -68 -39 -109 -1 +129 -125 -107 +40 -81 +136 -61 -104 -150 +9 -49 +162 -67 +89 -1 -8 +96 +54 -65 -1 +55 +124 -78 -1 -105 +115 +146 -158 -160 -86 +48 +2 -63 +120 -10 -118 -20 +117 +26 +71 +59 -42 +35 -57 +75 -12 +133 -52 +143 -5 +153 -152 +14 +11 -97 $
>gi|30407161|emb|AL590842.1|
+111 +1 -74 +17 -19 -84 -142 +82 +32 +50 -6 +53 -28 -31 +102 +52 -133 +12 -75 +57 -35 +42 -59 +71 -26 -61 -104 -150 +9 -49 +162 +160 +81 -40 -118 -20 +117 +10 -120 +63 -2 -48 +86 -158 +136 +107 +125 -129 +1 +109 -144 +88 -92 -131 +126 +159 -127 +69 -121 +98 +27 +137 +38 +70 -128 +2 -114 -116 +85 -80 -110 -15 -113 +122 -100 +7 +37 -24 +47 -149 -23 +154 -106 -164 -163 -44 +103 -155 +157 +151 -147 -119 +156 -138 +45 -123 +51 -41 +167 -90 -95 +34 +33 -94 -148 +83 -16 +36 -145 -66 -4 +29 +21 +30 -135 -141 -134 +132 +56 +64 -130 +108 -68 +77 +140 +39 +43 +25 -62 +93 -46 +101 -60 +72 -58 +79 +166 -18 +91 -22 -1 +112 +3 -161 -13 -99 +76 -139 +73 +87 +143 +152 -153 +5 -67 +89 -1 -8 +96 +105 -1 +78 -124 -55 -1 +65 -54 +115 +146 +14 +11 -97 $
>gi|384120592|ref|NC_017154.1|
+111 +1 -74 +17 -19 -84 -142 +82 +32 +50 -6 +53 -28 -31 +102 +52 -133 +12 -75 +57 -35 +42 -59 +71 -26 -61 -104 -150 +9 -49 +162 +160 +158 -86 +48 +2 -63 +120 -10 -117 +20 +118 +40 -81 +136 +107 +125 -129 +1 +109 -144 +88 -92 -131 +126 +159 -165 -127 +69 -121 +98 +27 +137 +38 +70 -128 +2 -114 -116 +85 -80 -110 -15 -83 +148 +94 +37 -24 +47 -149 -23 +154 -106 -164 -163 -44 +103 -155 +157 +151 -147 -119 +156 -138 +45 -123 +51 -41 -90 -95 +34 +33 -7 +100 -122 +113 -16 +36 -145 -66 +64 -130 +108 -68 +77 +140 +141 +135 -30 -21 -29 +4 -56 -132 +134 +39 +43 +25 -62 +93 -46 +101 -60 +72 -58 +79 -18 +91 -22 -1 +112 +3 -161 -13 -99 +76 -139 +73 +152 -153 +5 -143 -87 -67 +89 -1 -8 +96 +105 -1 +78 -124 -55 -1 +65 -54 +115 +146 +14 +11 -97 $
>gi|384124469|ref|NC_017160.1|
+111 +1 -74 +17 -19 -84 -142 +82 +32 +50 -6 +53 -28 -31 +102 +52 -133 +12 -75 +57 -35 +42 -59 +71 -26 -61 -104 -150 +9 -49 +162 +160 +158 -86 +48 +2 -63 +120 -10 -117 +20 +118 +40 -81 -137 -27 -98 +121 -69 +127 -159 -126 +131 +92 -88 +144 +136 +107 +125 -129 +1 +109 +38 +70 -128 +2 -114 -123 +51 -41 -90 -95 +34 +33 -94 -148 +83 +15 +110 +80 -85 +116 -45 +138 -156 +119 +147 -151 -157 +155 -103 +44 +163 +164 +106 -154 +23 +149 -47 +24 -37 -7 +100 -122 +113 -29 +4 +66 +145 -36 +16 +21 +30 -135 -141 -140 -77 +68 -108 +130 -64 -56 -132 +134 +39 +43 +25 -62 +93 -46 +101 -60 +72 -58 +79 -18 +91 -22 -1 +112 +3 -161 -13 -99 +76 -139 +73 +87 +143 -5 +153 -152 -67 +89 -1 -8 +96 +105 -1 +78 -124 -55 -1 +65 -54 +115 +146 +14 +11 -97 $
>gi|22123922|ref|NC_004088.1|
+111 +1 -89 +67 +19 +143 -5 +153 -152 -84 -142 +54 -65 +1 +55 +124 -78 +1 -105 -96 +8 +1 +50 -6 +53 -28 -31 +102 -87 -73 +139 -76 +99 +13 +161 -3 -112 +1 +22 -91 +18 -79 +58 -72 +60 -101 +46 -93 +62 -64 -56 +21 +30 -135 -141 -140 -77 +68 -108 +130 -25 -43 -39 -134 +132 -29 +4 +66 +145 -36 +16 -113 +122 -100 +7 +37 -83 +94 -33 -34 +95 -138 +45 -123 +51 -41 -90 -156 +119 +147 -151 -157 +155 -103 +44 +163 +164 +106 -154 +23 +149 -47 +24 +15 +110 +80 -85 +116 +114 -2 +128 -70 -38 -137 -27 -98 +121 -69 +127 -126 +131 +92 -88 +144 -109 -1 +129 -125 -107 -136 +81 -40 -118 -20 +117 +10 -120 +63 -2 -48 +86 -158 -160 +49 -9 +150 +104 +61 +26 -71 +59 -42 +35 -57 +75 -12 +133 -52 -17 +74 -1 -115 +82 +32 +146 +14 +11 -97 $
>gi|108773814|gb|CP000305.1|
+111 +1 -89 +67 +54 -65 +1 +55 +124 -78 +1 -105 -96 +8 +1 -74 +17 +52 -133 +12 -75 +57 -35 +42 -59 +71 -26 -61 -104 +9 -49 -73 +139 -76 +99 +13 +161 -3 -112 +1 +22 -91 +18 -79 +58 -72 +60 -101 +46 -93 +62 -64 -56 +21 +30 -135 -141 -140 -77 +68 -108 +130 -25 -43 -39 -44 +103 -155 +157 +151 -147 -119 -138 +45 -123 +51 -41 -90 -95 +34 +33 -94 -148 +83 -37 -7 +100 -122 +113 -16 +36 -145 -66 -4 +29 -132 +134 +106 -154 +23 +149 -47 +24 +15 +110 +80 -85 +116 +114 -2 +128 -70 -38 -137 -27 -98 +121 -69 +127 +165 -159 -126 +131 +92 -88 +144 -109 -1 +129 -125 -107 -136 +81 -40 -118 -20 +117 +10 -120 +63 -2 -48 +86 +160 +158 +87 -102 +31 +28 -53 +6 -50 -1 +143 -5 +153 -152 +115 +146 +14 +142 +84 +19 -32 -82 +11 -97 $
>gi|145597324|ref|NC_009381.1|
-11 -14 +82 +32 +1 -89 +67 +152 -153 +5 -143 -61 -104 -150 +9 -49 -86 +48 +2 -63 +120 -10 -117 +20 +118 +40 -83 +148 +94 -33 -34 +95 +90 +41 -51 +123 -45 +138 -156 +119 +147 -151 -157 +155 -103 +44 +163 +164 +106 -154 +23 +149 -47 +24 +15 +110 +80 -85 +116 +114 -2 +128 -70 -38 +141 -109 -1 +129 -125 -107 -136 +81 -37 -7 +100 -122 +113 -16 +36 -145 -66 -4 +29 -132 +134 +39 +43 +25 -130 +108 -68 +77 +140 -137 -27 -98 +121 -69 +127 -159 -126 +131 -88 +144 +135 -30 -21 +56 +64 -62 +93 -46 +101 -60 +72 -58 +79 -18 +91 +168 -22 -1 +112 -76 +99 +13 -3 +26 -71 +59 -42 +35 -57 +75 -12 +133 -52 -139 +73 +115 +105 -1 +78 -124 -55 -1 +65 -54 +87 -102 +31 +28 -53 +6 -50 -1 -8 +96 +146 +142 +84 +19 -17 +74 -1 -111 +97 $
>gi|294352569|gb|CP001593.1|
+111 +1 -74 +17 -19 -84 -142 +82 +32 +50 -6 +53 -28 -31 +102 +52 -133 +12 -75 +57 -35 +42 -59 +71 -26 -61 -104 -150 +9 -49 +162 -158 -160 -86 +48 +2 -63 +120 -10 -117 +20 +118 +40 -81 +136 +107 +125 -129 +1 +109 -144 +88 -92 -131 +126 +159 -165 -127 +69 -121 +98 +27 +137 +38 +70 -128 +2 -114 -116 +85 -80 -110 -15 -83 +148 +94 -33 -34 +95 +90 +41 -51 +123 -45 +138 -156 +119 +147 -151 -157 +155 -103 +44 +106 -154 +23 +149 -47 +24 -37 -7 +100 -122 +113 -16 +36 -145 -66 -115 -4 +29 +21 +30 -135 -141 -140 -77 +68 -108 +130 -64 -56 -132 +134 +39 +43 +25 -62 +93 -46 +101 -60 +72 -58 +79 -18 +91 -22 -1 +112 +3 -161 -13 -99 +76 -139 +73 +152 -153 +5 -143 -87 -67 +89 -1 -8 +96 +105 -1 +78 -124 -55 -1 +65 -54 +14 +11 -97 $
